0.7335378;0.28820282;0.22130871;0.84753233;0.37341464;0.8401794;0.6037406;0.67002535;0.8895597;0.44493204;0.27358174;0.30033624;0.53208554;0.3155098;0.1635372;0.626237;0.8010964;0.10245228;0.5803616;0.6260004;0.30137396;0.6050903;0.6668751;0.8284719;0.18687165;0.4559465;0.64461416;0.58250546;0.83309245;0.09456265;0.56853324;0.52385134;0.9627819;0.16359276;0.31609643;0.83015114;0.19974571;0.6505639;0.23591834;0.2773173;0.68603677;0.17054725;0.100687146;0.10077196;0.30156142;0.5936944;0.20284957;0.6210177;0.4472257;0.56749254;0.3746972;0.99521196;0.2413289;0.2953245;0.18481684;0.21506166;0.19595242;0.8323756;0.3510779;0.66274494;0.35287237;0.43179333;0.33000457;0.6589793;0.66703576;0.09185517;0.64742506;0.7997975;0.6880975;0.3965212;0.41437656;0.88548833;0.65180784;0.58475286;0.978922;0.23561776;0.033547938;0.8162476;0.47088808;0.22828972;0.58749276;0.2556957;0.81992435;0.5670145;0.39668685;0.1497829;0.32075924;0.21163112;0.3607977;0.75774246;0.5119302;0.8188027;0.9243102;0.69285756;0.9916281;0.8611445;0.04783696;0.62173855;0.2376666;0.35079712;
0.28820282;0.12460786;0.08250022;0.48586184;0.6723832;0.07219732;0.43325138;0.10416216;0.9681854;0.6268679;0.58396804;0.041720867;0.21265602;0.17314547;0.9373113;0.1719029;0.5941707;0.28812975;0.9398218;0.33483624;0.86048836;0.72158825;0.5461841;0.15419269;0.5604523;0.4908316;0.16152221;0.5910284;0.0158754;0.5973569;0.48539668;0.40655893;0.4018777;0.90396273;0.7426853;0.4620607;0.97698927;0.35024995;0.97568464;0.5482214;0.44166404;0.8986041;0.9913688;0.7468275;0.932204;0.6155971;0.30429852;0.8369865;0.17605811;0.708336;0.59377164;0.13378412;0.21440643;0.09963864;0.5573213;0.8414486;0.008838356;0.011584759;0.4162125;0.6190066;0.9411054;0.42307848;0.632527;0.49848568;0.24062687;0.16422033;0.54947186;0.8993837;0.8771941;0.5719146;0.058659375;0.13504863;0.55563474;0.41860235;0.02425313;0.8954655;0.4856364;0.007907152;0.8683528;0.8980814;0.40217042;0.20194542;0.8884076;0.22087497;0.71686125;0.24446046;0.16478294;0.83453935;0.44250107;0.89441085;0.22083563;0.9009533;0.46683246;0.018690705;0.2952484;0.06646621;0.033161283;0.830147;0.6915694;0.05556816;
0.22130871;0.08250022;0.103295565;0.23718715;0.41165435;0.8296798;0.28023225;0.23627722;0.92078924;0.4405799;0.3931278;0.28035003;0.16772258;0.68317544;0.8930525;0.9923608;0.7403387;0.801097;0.2367624;0.33632123;0.35594714;0.6649954;0.47387528;0.37751275;0.7959622;0.18089825;0.71095186;0.46823692;0.69948864;0.80743027;0.8525777;0.82312655;0.17180526;0.22399366;0.33480376;0.48159617;0.4040913;0.7410104;0.8203457;0.078612745;0.3060106;0.9174677;0.35689324;0.7685637;0.9693579;0.926883;0.74437815;0.5000148;0.9326493;0.28660715;0.54402095;0.38503373;0.8173204;0.048333764;0.71066535;0.47860128;0.6090389;0.35580176;0.16149855;0.56795454;0.21794134;0.5768304;0.7021146;0.8673128;0.68180746;0.8040403;0.2122888;0.7392785;0.8304532;0.24641919;0.79318714;0.10719025;0.22238648;0.7617544;0.34944952;0.45974803;0.46839035;0.91758674;0.03456682;0.699278;0.8257291;0.72614;0.6195187;0.09909105;0.90010726;0.05842769;0.6612038;0.42174852;0.4628532;0.19512534;0.9559993;0.3321371;0.03658092;0.3672263;0.5177044;0.39768267;0.08703172;0.9958938;0.85595495;0.5846592;
0.84753233;0.48586184;0.23718715;0.68304217;0.76426387;0.13129514;0.5916639;0.47900134;0.21994966;0.7181466;0.92874837;0.10912198;0.93300706;0.31632602;0.09646565;0.45097262;0.18942285;0.66955507;0.86474603;0.5419665;0.54481125;0.62127906;0.5536416;0.6056289;0.8131216;0.59509814;0.2797981;0.98753715;0.47403085;0.11903912;0.89192146;0.87163985;0.8269165;0.4965288;0.9800105;0.8725191;0.27169043;0.56007725;0.9059811;0.52172595;0.71825975;0.9354784;0.39946616;0.6657286;0.6059164;0.18309301;0.7936555;0.097576976;0.066288054;0.18458647;0.5404216;0.073031604;0.77488446;0.8985186;0.6785278;0.1451447;0.16749197;0.7294569;0.76946855;0.71867514;0.96201956;0.9919689;0.16461027;0.73504657;0.37313366;0.32150596;0.111014426;0.8857305;0.2568133;0.6438272;0.40370858;0.07310009;0.6372479;0.84034806;0.08173543;0.39351696;0.7769287;0.83372647;0.99782884;5.02944E-4;0.4169647;0.8784098;0.617257;0.567243;0.3058784;0.41878992;0.0787524;0.20219076;0.804984;0.65859234;0.1672535;0.8271591;0.5815489;0.8215762;0.21497858;0.17580152;0.9039907;0.38463867;0.59229285;0.23234963;
0.37341464;0.6723832;0.41165435;0.76426387;0.37949872;0.049635053;0.4606375;0.061562836;0.3499893;0.21637881;0.4554134;0.36382252;0.76946884;0.6538886;0.6529591;0.9147583;0.34471267;0.22302216;0.53570545;0.28328907;0.14267099;0.29502648;0.75030136;0.94122905;0.10048729;0.647966;0.46653926;0.7876359;0.5039181;0.7696416;0.76897126;0.109092474;0.11485642;0.4588791;0.8717764;0.010146797;0.76890665;0.12900174;0.8345562;2.5689602E-5;0.6909766;0.9574331;0.4362625;0.8002525;0.9087286;0.039656937;0.8379765;0.9917896;0.6822915;0.7204145;0.8373412;0.7348228;0.6401058;0.025710046;0.53640395;0.43807262;0.79104185;0.9370971;0.51833886;0.1446467;0.39329076;0.1540066;0.16251838;0.66074926;0.7468541;0.07442051;0.8849356;0.13458884;0.7466764;0.34692156;0.33961672;0.7137644;0.32564366;0.22134542;0.5622898;0.38407266;0.20130342;0.31431103;0.7590426;0.884049;0.39452523;0.41047418;0.27510715;0.6272888;0.14645761;0.4609803;0.92511684;0.2540391;0.93222004;0.09922552;0.15426171;0.025132895;0.016752362;0.09037733;0.54185295;0.92448175;0.08964324;0.150482;0.6979574;0.52363855;
0.8401794;0.07219732;0.8296798;0.13129514;0.049635053;0.093895614;0.35755682;0.4550956;0.36226255;0.91326714;0.6397461;0.83513653;0.38759875;0.6276246;0.44275087;0.5558922;0.9663451;0.24125367;0.71652186;0.84214103;0.66997427;0.70621026;0.7919257;0.5554717;0.2914291;0.058852732;0.33308977;0.83257025;0.30769122;0.20569646;0.5262654;0.4729517;0.94094574;0.04833871;0.13525867;0.80043286;0.30240726;0.442456;0.56585234;0.74859387;0.8122328;0.91331935;0.59295;0.31792158;0.6868104;0.41805786;0.84706396;0.9461966;0.24681562;0.39487582;0.6260896;0.17916471;0.7120223;0.9725854;0.5040645;0.12113488;0.8932968;0.36372834;0.04856068;0.6707302;0.16363186;0.14208108;0.26575047;0.8408348;0.9646576;0.06682205;0.8278883;0.45411742;0.9206849;0.39877903;0.12921554;0.012637913;0.07321292;0.27136916;0.40056366;0.869653;0.93749684;0.46509916;0.14183939;0.8457828;0.7702953;0.8406304;0.9897419;0.2518022;0.13962585;0.38601375;0.10142696;0.47317743;0.9288844;0.18574125;0.6573843;0.70579463;0.4204722;0.36459064;0.2031914;0.86475706;0.007783532;0.5546105;0.03842491;0.019887447;
0.6037406;0.43325138;0.28023225;0.5916639;0.4606375;0.35755682;0.65795636;0.8211762;0.72319436;0.5579705;0.8401658;0.036747217;0.40021306;0.9963556;0.9395311;0.014518797;0.099865675;0.9149043;0.8320491;0.1050899;0.63848394;0.89338136;0.5441241;0.09634715;0.10299903;0.8380459;0.106321394;0.9807576;0.19135875;0.8937541;0.6257322;0.045914054;0.91447234;0.34238458;0.70706457;0.8977103;0.044886053;0.2565685;0.6931508;0.8933576;0.5445063;0.76176393;0.9915067;0.7888072;0.45452964;0.20351434;0.41665518;0.2676441;0.46435177;0.7876473;0.43035424;0.45707834;0.7255557;0.8420148;0.03546822;0.99878;0.4328416;0.3688997;0.39278972;0.869745;0.31713933;0.19581193;0.45205605;0.08305621;0.23294413;0.23238367;0.6177083;0.44842094;0.2847342;0.79625744;0.48963755;0.023930728;0.25812268;0.9518915;0.564921;0.64332694;0.22335452;0.121031344;0.954027;0.28517944;0.9419606;0.37478805;0.5998311;0.3692851;0.274274;0.14290655;0.31018913;0.53128207;0.988496;0.044617355;0.43529195;0.42075497;0.013311923;0.7183104;0.41804957;0.39838928;0.77622163;0.4498961;0.3878848;0.5132893;
0.67002535;0.10416216;0.23627722;0.47900134;0.061562836;0.4550956;0.8211762;0.44061065;0.17548811;0.278045;0.22613335;0.7778942;0.2651472;0.9675853;0.13755924;0.26319116;0.185763;0.49423492;0.54561347;0.99729615;0.3196985;0.9059097;0.8347109;0.84180695;0.28916705;0.9899726;0.7389225;0.1989736;0.49676114;0.8073546;0.9903155;0.52295804;0.050656915;0.9252891;0.96150017;0.33798283;0.60371876;0.9764866;0.0788421;0.5039157;0.85337216;0.65765214;0.5288561;0.7226849;0.7704023;0.5876945;0.46842277;0.62380373;0.9934116;0.9275671;0.2986802;0.39488316;0.45698625;0.73026454;0.4813546;0.6121061;0.25703168;0.7995247;0.8084837;0.8915772;0.5054701;0.003914356;0.25567055;0.97711885;0.89306045;0.022928238;0.6510115;0.93450505;0.7637383;0.4122846;0.4047159;0.22520769;0.77036345;0.5757673;0.45840907;0.63831663;0.8140855;0.15830857;0.377208;0.12302041;0.16473788;0.12295973;0.66315085;0.31429386;0.98918515;0.890635;0.8370111;0.53078496;0.01005137;0.26203412;0.883185;0.60190344;0.9737526;0.39787543;0.18924952;0.2713092;0.025258183;0.38506007;0.18079078;0.77796566;
0.8895597;0.9681854;0.92078924;0.21994966;0.3499893;0.36226255;0.72319436;0.17548811;0.023640454;0.09255016;0.5478807;0.5179576;0.68118554;0.7122356;0.26324308;0.6138355;0.8801661;0.8044102;0.9229483;0.9043818;0.11253047;0.81094265;0.7630476;0.55868465;0.52099276;0.91614395;0.19831765;0.0940029;0.35550213;0.066429436;0.9836915;0.17831856;0.26827788;0.9692284;0.7710171;0.7964088;0.057445824;0.5352678;0.8656599;0.37932396;0.03147793;0.14903939;0.3295309;0.7622231;0.530445;0.17211604;0.24481112;0.40387338;0.010968566;0.4562884;0.23407364;0.6165941;0.24931264;0.5860622;0.8323316;0.60220516;0.11505157;0.6123279;0.875782;0.81061345;0.9914301;0.37723553;0.94671696;0.17363662;0.5279038;0.95033497;0.5375742;0.58156806;0.7316132;0.76841986;0.5921677;0.8439557;0.8068105;0.73680687;0.5012001;0.8355024;0.18140602;0.9153158;0.4939794;0.27901906;0.30750662;0.08546704;0.10342616;0.70057845;0.51343423;0.69438404;0.30378813;0.89551055;0.0011359453;0.77161974;0.035953045;0.8807219;0.74283373;0.7127139;0.50264186;0.49712473;0.5244168;0.74786246;0.9450665;0.46198142;
0.44493204;0.6268679;0.4405799;0.7181466;0.21637881;0.91326714;0.5579705;0.278045;0.09255016;0.29713702;0.48984092;0.8137582;0.88637954;0.37418348;0.42186248;0.5799179;0.7129475;0.6612945;0.566101;0.38975447;0.87486273;0.2835546;0.8558853;0.85193914;0.6432089;0.71574336;0.35176635;0.5850593;0.50540555;0.19747096;0.7771373;0.47260398;0.51212204;0.7137952;0.04016447;0.2314204;0.11625224;0.70792496;0.2626195;0.49941236;0.3889956;0.77791166;0.55173063;0.22199667;0.8601165;0.8093782;0.8815868;0.996746;0.24857992;0.5682708;0.024192393;0.45755804;0.7344935;0.78160954;0.97768885;0.9492988;0.41334623;0.9637295;0.5712225;0.8244771;0.04601276;0.2206046;0.3573665;0.06300253;0.40886348;0.20677656;0.13270742;0.8146729;0.2361086;0.13485545;0.9377921;0.2430197;0.45211184;0.34353536;0.82204634;0.8264426;0.9053738;0.7203051;0.8198199;0.59086037;0.24490917;0.818697;0.41467786;0.11262202;0.2456311;0.6940895;0.17659211;0.15466094;0.19427818;0.98510486;0.1294831;0.85622466;0.9417861;0.21821189;0.8754025;0.512042;0.9136907;0.8672761;0.46401256;0.2767781;
0.27358174;0.58396804;0.3931278;0.92874837;0.4554134;0.6397461;0.8401658;0.22613335;0.5478807;0.48984092;0.4057423;0.99363667;0.041704357;0.8499969;0.23626316;0.037318707;0.8540818;0.5286193;0.98293906;0.58722067;0.94581294;0.96117514;0.11074811;0.5637842;0.9050523;0.403305;0.9716676;0.40042007;0.8777572;0.22122324;0.43960905;0.7591882;0.3704251;0.21414113;0.39762628;0.65137494;0.15931398;0.5050479;0.5343944;0.4967237;0.056498528;0.6728299;0.4831463;0.6423869;0.55338657;0.57514834;0.39493477;0.21870178;0.3292603;0.1910845;0.007879674;0.5866097;0.48700333;0.7692882;0.9556127;0.10038394;0.31112826;0.49635994;0.4349447;0.9468437;0.83551943;0.6855966;0.7230119;0.27537853;0.59276277;0.11582148;0.9968173;0.79666644;0.9286224;0.683827;0.52291286;0.7810135;0.81874496;0.9343262;0.22731972;0.34154552;0.55963874;0.2913658;0.37494576;0.47514075;0.58669573;0.9395812;0.5067787;0.9938205;0.2529168;0.38769388;0.23479289;0.40882677;0.64390063;0.916351;0.12045056;0.9349188;0.91452646;0.16162169;0.32586133;0.23431885;0.26810604;0.7363877;0.040828466;0.55060035;
0.30033624;0.041720867;0.28035003;0.10912198;0.36382252;0.83513653;0.036747217;0.7778942;0.5179576;0.8137582;0.99363667;0.24826384;0.5310772;0.3518576;0.98314524;0.42981577;0.37630033;0.47338778;0.43604028;0.32593507;0.5072757;0.8125431;0.67422575;0.6936897;0.327761;0.04346025;0.020389259;0.9852627;0.9477133;0.9208407;0.67629963;0.47468966;0.5592443;0.059746027;0.8549764;0.28417504;0.8359428;0.7279379;0.11327553;0.10413748;0.45681643;0.32592803;0.18544728;0.4912184;0.7728799;0.13833767;0.4308797;0.6214601;0.42325765;0.72534764;0.55250686;0.33140182;0.764862;0.08886492;0.66154647;0.5258017;0.6493469;0.98522866;0.71848077;0.40217972;0.30040318;0.27464145;0.8210042;0.540687;0.8507784;0.97912854;0.92656034;0.40122968;0.92044914;0.5310511;0.016378582;0.6909876;0.9639159;0.34748763;0.07769793;0.50260526;0.4090212;0.76338077;0.18964785;0.29358745;0.2907585;0.7808986;0.45832598;0.6591759;0.8665434;0.6753715;0.3862669;0.18857765;0.08824414;0.12403357;0.66753966;0.9149457;0.76505166;0.9863357;0.42488295;0.83591247;0.18832761;0.6088467;0.068618655;0.31980425;
0.53208554;0.21265602;0.16772258;0.93300706;0.76946884;0.38759875;0.40021306;0.2651472;0.68118554;0.88637954;0.041704357;0.5310772;0.6419404;0.80395037;0.6351343;0.43632782;0.78014326;8.9651346E-4;0.6991105;0.32174253;0.96916556;0.39612222;0.48300362;0.6969892;0.68424517;0.66062915;0.3097412;0.88977665;0.15514797;0.43660945;0.4394573;0.49646205;0.3148108;0.21607423;0.29673123;0.34866512;0.6735324;0.7582945;0.65694255;0.050682366;0.049019396;0.09764123;0.11810547;0.60404897;0.6839593;0.7359363;0.97578883;0.63452375;0.47070885;0.33632028;0.6985335;0.9111901;0.7740103;0.6315573;0.17096645;0.5574003;0.03675109;0.06321436;0.54324;0.67981803;0.6349867;0.12250084;0.73768544;0.10163808;0.18506223;0.41368467;0.08757776;0.9059764;0.18559372;0.8968825;0.6789179;0.5668081;0.22824436;0.9212612;0.036799073;0.35059434;0.75928885;0.9218676;0.93369645;0.8413187;0.40667033;0.81835765;0.64697236;0.17823839;0.43087792;0.7868487;0.31795317;0.69226235;0.059077978;0.56454223;0.47698402;0.52864283;0.6244719;0.5584533;0.6035137;0.7864131;0.95418525;0.9026198;0.9644959;0.43113047;
0.3155098;0.17314547;0.68317544;0.31632602;0.6538886;0.6276246;0.9963556;0.9675853;0.7122356;0.37418348;0.8499969;0.3518576;0.80395037;0.29034215;0.21899354;0.19929874;0.8711348;0.9988997;0.76046467;0.6039403;0.58578557;0.7754742;0.9295914;0.1668756;0.39737737;0.64497834;0.10194546;0.64838785;0.41875368;0.2833271;0.6123924;0.5304094;0.614024;0.93901306;0.6849878;0.89884156;0.7136854;0.13952368;0.82690465;0.6994427;0.92135125;0.6731839;0.79086024;0.12770492;0.24820065;0.09222239;0.6800852;0.42442358;0.58575153;0.6935105;0.11219162;0.5609306;0.69793487;0.9689649;0.7336711;0.61339617;0.04597622;0.12093586;0.9748469;0.12872392;0.6949066;0.8732629;0.97001183;0.12876207;0.40988725;0.3600617;0.88915753;0.89043194;0.6081887;0.6591419;0.8656505;0.5067469;0.33595896;0.20081496;0.074124634;0.26116115;0.5490838;0.27059895;0.27135444;0.6704662;0.18893409;0.41478223;0.641776;0.2645256;0.9268923;0.6693617;0.32651198;0.19142896;0.71071047;0.33828962;0.20583653;0.73281085;0.33596408;0.5771325;0.45581168;0.5929239;0.24777031;0.56443703;0.8753002;0.47048032;
0.1635372;0.9373113;0.8930525;0.09646565;0.6529591;0.44275087;0.9395311;0.13755924;0.26324308;0.42186248;0.23626316;0.98314524;0.6351343;0.21899354;0.42209387;0.863123;0.8223181;0.9941702;0.52980226;0.4087888;0.15050817;0.19640309;0.8452821;0.32346475;0.8435951;0.68676597;0.1927824;0.3245021;0.54075885;0.011031628;0.92825586;0.7309469;0.055991113;0.8475956;0.01713258;0.22877628;0.89830595;0.38036972;0.97069854;0.32028687;0.08073747;0.93970716;0.3469267;0.47549653;0.94604933;0.5279483;0.66846246;0.4497518;0.46331185;0.7651043;0.71765494;0.78989804;0.30499852;0.58501935;0.38383698;0.07460743;0.6791666;0.005837202;0.50739676;0.9104088;0.10529989;0.44893974;0.66199857;0.034926772;0.019613326;0.1478396;0.60965884;0.17068928;0.03984219;0.37186873;0.20712554;0.54479516;0.5164093;0.82389057;0.45773482;0.0071433187;0.9952009;0.6770069;0.90372115;0.30134803;0.9755498;0.5323694;0.061820805;0.8043641;0.81489277;0.80022675;0.06942326;0.38495094;0.38962346;0.14921564;0.14146572;0.3860584;0.23879135;0.94388896;0.22636563;0.895204;0.79237753;0.98499584;0.4923141;0.46494865;
0.626237;0.1719029;0.9923608;0.45097262;0.9147583;0.5558922;0.014518797;0.26319116;0.6138355;0.5799179;0.037318707;0.42981577;0.43632782;0.19929874;0.863123;0.62931174;0.14982456;0.54079026;0.9261076;0.47328746;0.24621707;0.55715984;0.49242795;0.5480452;0.57453763;0.9112171;0.6208834;0.9781676;0.15741247;0.35387284;0.40513372;0.616889;0.0061734915;0.8641422;0.42152375;0.70761067;0.45565337;0.37061304;0.1639353;0.83021176;0.58956546;0.96691465;0.035232425;0.5787696;0.33887845;0.017919302;0.05605215;0.86890185;0.34453124;0.53969663;0.0064138174;0.94058657;0.11590475;0.64634866;0.7640358;0.38488656;0.80716574;0.39565712;0.58598375;0.39195055;0.57910556;0.19859213;0.48343402;0.27289003;0.6423231;0.044771433;0.66826284;0.20327866;0.76643986;0.49605238;0.5882522;0.27857226;0.22778308;0.40221447;0.100895286;0.47842425;0.48970664;0.86516523;0.2221232;0.9153691;0.095707834;0.5002557;0.99862933;0.36592084;0.01230377;0.6151548;0.9513901;0.71513706;0.4517002;0.86149716;0.8704916;0.49803054;0.046456993;0.14128745;0.34010005;0.27994633;0.4426756;0.28930187;0.9222289;0.38337743;
0.8010964;0.5941707;0.7403387;0.18942285;0.34471267;0.9663451;0.099865675;0.185763;0.8801661;0.7129475;0.8540818;0.37630033;0.78014326;0.8711348;0.8223181;0.14982456;0.18560141;0.3116833;0.7319959;0.64997756;0.65811247;0.32705772;0.6086376;0.97422904;0.7772297;0.45870298;0.8259218;0.49252313;0.50537974;0.61184496;0.18758076;0.96867687;0.2402497;0.13629198;0.27118593;0.39454234;0.78210366;0.9665783;0.62190074;0.3213669;0.23801988;0.31001586;0.78366923;0.01201731;0.5063042;0.4611687;0.054128706;0.25190765;0.27079797;0.1538881;0.6958032;0.42378485;0.044945955;0.62686116;0.1331805;0.08873963;0.14427358;0.28648996;0.94660825;0.2012986;0.93178034;0.59600925;0.037389338;0.32516587;0.045599043;0.4438041;0.2563724;0.6924018;0.21650106;0.5561345;0.63206923;0.21521872;0.31751603;0.06707615;0.54943454;0.81921625;0.17225629;0.2517355;0.08546448;0.7308843;0.21269226;0.12744772;0.462178;0.5510725;0.10017133;0.8991483;0.0063513517;0.9529472;0.113779604;0.20737404;0.8354583;0.16379583;0.13845402;0.37746888;0.6598544;0.38511598;0.64024204;0.24592084;0.5150204;0.62718785;
0.10245228;0.28812975;0.801097;0.66955507;0.22302216;0.24125367;0.9149043;0.49423492;0.8044102;0.6612945;0.5286193;0.47338778;8.9651346E-4;0.9988997;0.9941702;0.54079026;0.3116833;0.37576377;0.0018977523;0.2890777;0.3019849;0.24034572;0.115073025;0.89257914;0.61530435;0.2928024;0.8648676;0.49639177;0.09754133;0.27372962;0.38802552;0.10329747;0.31104374;0.6665514;0.17353165;0.6657651;0.60823184;0.89442456;0.7965275;0.7837875;0.4150023;0.8645727;0.68305343;0.18196744;0.050676525;0.13077807;0.42467785;0.9212589;0.0043182373;0.34147316;0.88091725;0.38498676;0.6353836;0.8588454;0.82542676;0.51118;0.2256195;0.6009774;0.93748677;0.77501696;0.78396034;0.9648015;0.5117099;0.49170232;0.65429187;0.77978086;0.34494978;0.21747452;0.57124746;0.6478393;0.20436913;0.7939291;0.16129452;0.2299782;0.9633196;0.1424706;0.65928555;0.68773997;0.24174565;0.77959836;0.016576052;0.6500771;0.43944252;0.7501363;0.7762169;0.18553662;0.22108513;0.6294143;0.8967975;0.6118391;0.24648094;0.0732609;0.9729927;0.4427712;0.36043835;0.4921208;0.9796948;0.15997005;0.2600739;0.117461205;
0.5803616;0.9398218;0.2367624;0.86474603;0.53570545;0.71652186;0.8320491;0.54561347;0.9229483;0.566101;0.98293906;0.43604028;0.6991105;0.76046467;0.52980226;0.9261076;0.7319959;0.0018977523;0.3678378;0.57322717;0.2511862;0.5345188;0.8273628;0.30260086;0.6899706;0.5503303;0.41220778;0.803474;0.71829647;0.8874399;0.07191026;0.7380523;0.578159;0.69188935;0.59319615;0.3852201;0.8181361;0.45858306;0.5469356;0.4956662;0.8564729;0.33778954;0.99214786;0.3193527;0.5883163;0.36572105;0.862715;0.1450929;0.50572574;0.9468036;0.06776166;0.7826391;0.22779393;0.36073786;0.020326972;0.34999144;0.05137527;0.30898327;0.8420166;0.015231967;0.14965117;0.84446687;0.12704378;0.48691803;0.8303293;0.9171733;0.8799183;0.6023358;0.48899752;0.18737519;0.781746;0.4088375;0.28491116;0.456856;0.7263179;0.30200505;0.22470754;0.82884836;0.53238606;0.42366856;0.3601879;0.5897572;0.7249034;0.35866153;0.8194768;0.98437494;0.71749145;0.47328746;0.531821;0.6727729;0.7492819;0.5683244;0.30775285;0.6959655;0.9397143;0.5992961;0.83622307;0.09534365;0.78534573;0.39738578;
0.6260004;0.33483624;0.33632123;0.5419665;0.28328907;0.84214103;0.1050899;0.99729615;0.9043818;0.38975447;0.58722067;0.32593507;0.32174253;0.6039403;0.4087888;0.47328746;0.64997756;0.2890777;0.57322717;0.07340467;0.8837146;0.5841447;0.79253316;0.8822844;0.093488514;0.41256702;0.3857776;0.3423192;0.7983843;0.16463459;0.71361095;0.8000945;0.7359392;0.17079043;0.6540488;0.85005647;0.69238096;0.13346267;0.5141674;0.84254605;0.8973853;0.72597486;0.5342174;0.10379702;0.97315425;0.15935248;0.6786485;0.3333856;0.03771013;0.6751304;0.7042067;0.15721363;0.8949339;0.3670718;0.6103113;0.27335483;0.38155824;0.075553775;0.24654043;0.5659738;0.78002715;0.014106333;0.69495595;0.20336986;0.9947535;0.45888948;0.76851606;0.42951477;0.3717;0.8421455;0.40360767;0.19320887;0.7794054;0.72747374;0.610356;0.9420832;0.2834289;0.26871467;0.06384981;0.2912532;0.024908602;0.68227905;0.69624263;0.64303505;0.5707402;0.5961645;0.94828534;0.85048646;0.616999;0.34014028;0.20650804;0.7473166;0.5956312;0.6118436;0.8152815;0.83542717;0.41802067;0.49778467;0.976395;0.028760374;
0.30137396;0.86048836;0.35594714;0.54481125;0.14267099;0.66997427;0.63848394;0.3196985;0.11253047;0.87486273;0.94581294;0.5072757;0.96916556;0.58578557;0.15050817;0.24621707;0.65811247;0.3019849;0.2511862;0.8837146;0.07706541;0.11425215;0.17054719;0.6161453;0.9058008;0.11259562;0.6173227;0.3792559;0.31478816;0.44435954;0.48590684;0.043328464;0.38781893;0.9717061;0.016371131;0.18987119;0.08976364;0.8991029;0.38496423;0.4371655;0.6780196;0.4332341;0.5577792;0.75220907;0.6886758;0.13527596;0.68958783;0.08058232;0.30265027;0.48404062;0.47923392;0.8478269;0.23243302;0.2201572;0.52066195;0.5249195;0.18150944;0.8855114;0.0026993752;0.06494844;0.37993032;0.08269298;0.77706885;0.2467438;0.76463145;0.82414275;0.9210817;0.06891894;0.80692524;0.491817;0.9618852;0.6651414;0.6561691;0.36485767;0.3111493;0.10094738;0.7934353;0.5802962;0.3170141;0.7869478;0.78479517;0.718446;0.7500069;0.6047031;0.4974481;0.45880866;0.2811811;0.86669797;0.5735223;0.062128186;0.47885126;0.72742385;0.42468143;0.17161214;0.09124285;0.7705274;0.88276446;0.96637833;0.8898386;0.45297867;
0.6050903;0.72158825;0.6649954;0.62127906;0.29502648;0.70621026;0.89338136;0.9059097;0.81094265;0.2835546;0.96117514;0.8125431;0.39612222;0.7754742;0.19640309;0.55715984;0.32705772;0.24034572;0.5345188;0.5841447;0.11425215;0.5520676;0.1230163;0.11139631;0.97926223;0.14116383;0.110202074;0.3911823;0.6092213;0.96622586;0.9429149;0.878916;0.18132508;0.48982298;0.055693448;0.19082284;0.064427614;0.987536;0.30175978;0.41261774;0.95525604;0.26282185;0.061178267;0.8204774;0.9273884;0.3547269;0.91820586;0.25813717;0.6017273;0.5384859;0.073625505;0.7832607;0.16753882;0.7418686;0.6791311;0.570638;0.6439778;0.7330301;0.22257465;0.5165171;0.025922954;0.5797118;0.2204954;0.9262925;0.48807496;0.93278277;0.24090588;0.16475546;0.45129782;0.8635065;0.7547502;0.23850286;0.49374378;0.2000736;0.3657198;0.07622868;0.761465;0.32982558;0.61150634;0.8396965;0.97010946;0.14658451;0.16280508;0.86362904;0.3345368;0.72067684;0.36672163;0.79993606;0.99099845;0.25302243;0.34759158;0.0823763;0.47260493;0.2420966;0.87888336;0.65864885;0.24930716;0.06484109;0.8879339;0.91081876;
0.6668751;0.5461841;0.47387528;0.5536416;0.75030136;0.7919257;0.5441241;0.8347109;0.7630476;0.8558853;0.11074811;0.67422575;0.48300362;0.9295914;0.8452821;0.49242795;0.6086376;0.115073025;0.8273628;0.79253316;0.17054719;0.1230163;0.43006665;0.4242372;0.25654233;0.29931974;0.6935555;0.23330742;0.33854425;0.53855723;0.54427147;0.5980337;0.4241014;0.41339982;0.054714024;0.98400134;0.34127462;0.030817091;0.8246002;0.18090379;0.89459366;0.27025014;0.9172049;0.9458322;0.5279229;0.6020706;0.84799796;0.7312078;0.42056948;0.81720966;0.53064835;0.22626376;0.5811089;0.20906025;0.8339143;0.8354953;0.83574975;0.32484192;0.3473398;0.7213082;0.17935222;0.14834899;0.082324564;0.18673092;0.19131505;0.78142446;0.24907553;0.26433212;0.62232226;0.69810516;0.28164405;0.84138846;0.4973132;0.07145804;0.6015862;0.15529746;0.34846723;0.66286534;0.21846777;0.22834688;0.8960005;0.012154579;0.607121;0.5704229;0.17673159;0.7779204;0.48751575;0.3935027;0.9484631;0.10933274;0.25915498;0.9900545;0.09703177;0.50130296;0.3096283;0.045527816;0.22793072;0.72074056;0.016555369;0.51713854;
0.8284719;0.15419269;0.37751275;0.6056289;0.94122905;0.5554717;0.09634715;0.84180695;0.55868465;0.85193914;0.5637842;0.6936897;0.6969892;0.1668756;0.32346475;0.5480452;0.97422904;0.89257914;0.30260086;0.8822844;0.6161453;0.11139631;0.4242372;0.14814514;0.95826006;0.56891894;0.9401136;0.041364253;0.3105296;0.96965027;0.6264988;0.9858188;0.17006952;0.553102;0.7074799;0.9283288;0.7472189;0.8650614;0.7031035;0.4872216;0.37656218;0.84048307;0.0070206523;0.3559577;0.039147258;0.40271097;0.96172947;0.44686896;0.22345829;0.9684655;0.89338946;0.26728177;0.4023971;0.5052817;0.36042327;0.2499882;0.5857622;0.24363369;0.10833162;0.38704735;0.25001436;0.058288038;0.5607546;0.094326615;0.54264957;0.4080506;0.38231617;0.7877206;0.31558478;0.9917297;0.054379046;0.035538614;0.5646691;0.12060648;0.1807903;0.7807648;0.30120212;0.24583858;0.040731847;0.6011436;0.485565;0.64383614;0.4649788;0.060870588;0.7168125;0.31089234;0.28850454;0.28568465;0.06813818;0.23083067;0.58850265;0.72226846;0.20482224;0.18779373;0.40702456;0.3295055;0.3662262;0.88618433;0.7844863;0.11628437;
0.18687165;0.5604523;0.7959622;0.8131216;0.10048729;0.2914291;0.10299903;0.28916705;0.52099276;0.6432089;0.9050523;0.327761;0.68424517;0.39737737;0.8435951;0.57453763;0.7772297;0.61530435;0.6899706;0.093488514;0.9058008;0.97926223;0.25654233;0.95826006;0.46467936;0.22397983;0.33839297;0.9929242;0.6831507;0.24074686;0.09254706;0.6105727;0.28359413;0.03203267;0.58847743;0.63848794;0.17502463;0.7674716;0.117866755;0.9214839;0.2866987;0.48530817;0.7799159;0.9036384;0.9742938;0.5628609;0.31046855;0.46219152;0.4134361;0.49190515;0.99846524;0.46283424;0.3798145;0.6692578;0.9454004;0.92246366;0.4181767;0.515179;0.85863465;0.23432124;0.8375829;0.31887454;0.06960535;0.27153724;0.36694622;0.4103732;0.48533022;0.7420296;0.8130153;0.3875327;0.12136692;0.26667708;0.030240059;0.3803355;0.4258775;0.54167074;0.9113989;0.855622;0.59313583;0.629572;0.25540733;0.32209677;0.29429132;0.810961;0.78487813;0.59873384;0.26981872;0.8704611;0.91614485;0.19633603;0.45751762;0.7470133;0.8621423;0.20106614;0.8446186;0.4830324;0.3348536;0.5593863;0.013945103;0.54973125;
0.4559465;0.4908316;0.18089825;0.59509814;0.647966;0.058852732;0.8380459;0.9899726;0.91614395;0.71574336;0.403305;0.04346025;0.66062915;0.64497834;0.68676597;0.9112171;0.45870298;0.2928024;0.5503303;0.41256702;0.11259562;0.14116383;0.29931974;0.56891894;0.22397983;0.99254155;0.18919212;0.45090115;0.39284414;0.028380156;0.78149265;0.7782783;0.56189567;0.3988111;0.37383848;0.33665627;0.1574198;0.8074378;0.72325015;0.674757;0.019899547;0.17155921;0.808667;0.12103164;0.7280915;0.93369967;0.8854523;0.38551205;0.3040588;0.07445109;0.60933435;0.82493305;0.9496848;0.06531966;0.88947403;0.11570817;0.0756222;0.6950824;0.3441072;0.4780401;0.05296135;0.9809837;0.68309987;0.45387626;0.584887;0.9792601;0.4233967;0.10778552;0.3312918;0.646421;0.2915514;0.47100538;0.8985597;0.005932033;0.207825;0.5479845;0.61141574;0.24621242;0.117492914;0.058142185;0.5917323;0.7907931;0.5972047;0.98132926;0.13347584;0.37006968;0.9345763;0.025842547;0.8748912;0.123097956;0.9006978;0.35828638;0.39295983;0.80668753;0.46182346;0.39747345;0.53327316;0.94138515;0.576116;0.5584996;
0.64461416;0.16152221;0.71095186;0.2797981;0.46653926;0.33308977;0.106321394;0.7389225;0.19831765;0.35176635;0.9716676;0.020389259;0.3097412;0.10194546;0.1927824;0.6208834;0.8259218;0.8648676;0.41220778;0.3857776;0.6173227;0.110202074;0.6935555;0.9401136;0.33839297;0.18919212;0.19857424;0.27116615;0.2515226;0.9789572;0.9170326;0.83031607;0.024131477;0.5245745;0.27876723;0.90701175;0.5623141;0.88383293;0.4555043;0.9053679;0.16836226;0.10067129;0.6669739;0.1157521;0.4233302;0.19158137;0.07490075;0.6724789;0.5403092;0.57413673;0.92732054;0.77717876;0.09613073;0.88046396;0.9497214;0.10810459;0.9762751;0.79483587;0.3101365;0.29006714;0.46658826;0.29929954;0.53903073;0.39096218;0.5572975;0.3491075;0.990647;0.3951363;0.45279652;0.33924878;0.12346381;0.21156341;0.89680016;0.35763443;0.32543963;0.4886722;0.66042984;0.33616793;0.08353877;0.18664706;0.7562538;0.37438673;0.0038240552;0.6886649;0.7930136;0.6688535;0.26208586;0.78602123;0.027992904;0.79516315;0.6052479;0.8125038;0.3868999;0.038111985;0.6125431;0.68358225;0.036477625;0.08757663;0.21023446;0.7144916;
0.58250546;0.5910284;0.46823692;0.98753715;0.7876359;0.83257025;0.9807576;0.1989736;0.0940029;0.5850593;0.40042007;0.9852627;0.88977665;0.64838785;0.3245021;0.9781676;0.49252313;0.49639177;0.803474;0.3423192;0.3792559;0.3911823;0.23330742;0.041364253;0.9929242;0.45090115;0.27116615;0.8829565;0.19119638;0.7185565;0.38379413;0.8539482;0.5040187;0.84957916;0.52037835;0.028683543;0.65449625;0.30909187;0.34599334;0.79704946;0.5238287;0.5042344;0.67293483;0.46445274;0.42642438;0.6799382;0.5752658;0.5675857;0.30727726;0.8632657;0.5641084;0.9884739;0.7042958;0.26387233;0.8540855;0.4103762;0.1613316;0.6791667;0.9243359;0.71440667;0.91841304;0.9908795;0.49849355;0.08642191;0.5531471;0.18244022;0.28452045;0.48376143;0.62605816;0.13170964;0.47674572;0.58002365;0.94229466;0.9776167;0.86646414;0.46364594;0.3486101;0.057280183;0.35439247;0.36220247;0.5065253;0.19136316;0.999286;0.47477287;0.5337384;0.042228103;0.14541858;0.87717396;0.027936041;0.8719171;0.67078036;0.4729994;0.9629344;0.5047266;0.51204485;0.7142692;0.27101636;0.12614614;0.6762083;0.064701855;
0.83309245;0.0158754;0.69948864;0.47403085;0.5039181;0.30769122;0.19135875;0.49676114;0.35550213;0.50540555;0.8777572;0.9477133;0.15514797;0.41875368;0.54075885;0.15741247;0.50537974;0.09754133;0.71829647;0.7983843;0.31478816;0.6092213;0.33854425;0.3105296;0.6831507;0.39284414;0.2515226;0.19119638;0.106366515;0.9515492;0.55437654;0.13112289;0.91839075;0.47693968;0.9839982;0.57855636;0.9615355;0.8700192;0.5717476;0.6612177;0.50858575;0.018817782;0.667015;0.07832128;0.17299914;0.25395787;0.52743316;0.88365227;0.64463997;0.22133845;0.44793272;0.6500796;0.60199475;0.24309057;0.6854678;0.65217;0.14118499;0.4975487;0.10422772;0.37306982;0.84628963;0.0406878;0.38630283;0.6136984;0.44504893;0.26839852;0.04593271;0.4994142;0.06987262;0.91551065;0.5367586;0.6688016;0.2611866;0.32406682;0.938532;0.85353136;0.14723945;0.62691385;0.5929398;0.06556511;0.95792085;0.4488024;0.32833487;0.060807347;0.26603246;0.0065521;0.7913521;0.1876604;0.519339;0.65185;0.25545597;0.3078633;0.8629318;0.22565895;0.6569849;0.088541985;0.842507;0.8879792;0.50024396;0.4581251;
0.09456265;0.5973569;0.80743027;0.11903912;0.7696416;0.20569646;0.8937541;0.8073546;0.066429436;0.19747096;0.22122324;0.9208407;0.43660945;0.2833271;0.011031628;0.35387284;0.61184496;0.27372962;0.8874399;0.16463459;0.44435954;0.96622586;0.53855723;0.96965027;0.24074686;0.028380156;0.9789572;0.7185565;0.9515492;0.57867336;0.48725188;0.45642817;0.8716644;0.27745402;0.1985746;0.7555445;0.48723024;0.27781802;0.12281108;0.89965284;0.4298756;0.9783159;0.98957694;0.752464;0.6828013;0.69343984;0.008486986;0.76212704;0.26156032;0.16568536;0.5788607;0.33878362;0.039589047;0.21102053;0.71809083;0.8531675;0.49004686;0.63458574;0.97723967;0.61100554;0.1624167;0.06636453;0.00865829;0.3924998;0.5465252;0.7028501;0.9524706;0.8608411;0.72542095;0.6653172;0.75494266;0.49349135;0.5545083;0.20742947;0.3206151;0.20699662;0.36428535;0.89335436;0.075486004;0.0818094;0.66555005;0.8327653;0.86507523;0.022960603;0.07792461;0.81084365;0.15589505;0.9663275;0.07772595;0.6615199;0.83106434;0.6148602;0.32777774;0.43276137;0.5448908;0.5844531;0.23161328;0.5402276;0.8929034;0.8196811;
0.56853324;0.48539668;0.8525777;0.89192146;0.76897126;0.5262654;0.6257322;0.9903155;0.9836915;0.7771373;0.43960905;0.67629963;0.4394573;0.6123924;0.92825586;0.40513372;0.18758076;0.38802552;0.07191026;0.71361095;0.48590684;0.9429149;0.54427147;0.6264988;0.09254706;0.78149265;0.9170326;0.38379413;0.55437654;0.48725188;0.97795874;0.89188784;0.105798304;0.08825976;0.3259641;0.81549716;0.15911794;0.9198497;0.7102287;0.054807425;0.3055632;0.3624053;0.5542136;0.07992625;0.8566403;0.04041004;0.37627637;0.5348891;0.97779;0.013105512;0.37030053;0.31956834;0.5157924;0.5488187;0.5333554;0.44539303;0.2154491;0.49092185;0.7647491;0.6732336;0.86258495;0.6575277;0.10318422;0.2555945;0.2713446;0.3943355;0.9715022;0.81324863;0.5081591;0.0669058;0.3234033;0.0066223145;0.44390965;0.23194867;0.59892863;0.41392964;0.7187687;0.1471281;0.16407788;0.28885657;0.20365101;0.8016275;0.4928245;0.521673;0.34634715;0.7270261;0.940119;0.15772355;0.9379026;0.95814806;0.59285927;0.8974199;0.5413902;0.34129727;0.9716552;0.12217182;0.03928703;0.8043653;0.2616439;0.15954179;
0.52385134;0.40655893;0.82312655;0.87163985;0.109092474;0.4729517;0.045914054;0.52295804;0.17831856;0.47260398;0.7591882;0.47468966;0.49646205;0.5304094;0.7309469;0.616889;0.96867687;0.10329747;0.7380523;0.8000945;0.043328464;0.878916;0.5980337;0.9858188;0.6105727;0.7782783;0.83031607;0.8539482;0.13112289;0.45642817;0.89188784;0.78643084;0.703991;0.76621693;0.7455157;0.5668727;0.7690794;0.5839926;0.43177056;0.953382;0.2706716;0.41414666;0.447339;0.51813585;0.68204385;0.15614504;0.7880317;0.84773886;0.6768197;0.7474922;0.18913168;0.15935022;0.4680363;0.19499516;0.61039853;0.12764508;0.0666154;0.71714073;0.40178096;0.5443402;0.9272664;0.693066;0.3297447;0.99124974;0.7459804;0.8289042;0.6553983;0.8103111;0.80532724;0.41051346;0.33945632;0.1387273;0.08773166;0.02012223;0.43567556;0.39832443;0.110266864;0.30585313;0.780786;0.60994107;0.9985848;0.9870327;0.8535699;0.5016033;0.3559963;0.54639673;0.06502777;0.23077327;0.6088212;0.09411192;0.41525936;0.02028954;0.21301562;0.30070162;0.31758338;0.43842858;0.30505788;0.750142;0.82760024;0.6119612;
0.9627819;0.4018777;0.17180526;0.8269165;0.11485642;0.94094574;0.91447234;0.050656915;0.26827788;0.51212204;0.3704251;0.5592443;0.3148108;0.614024;0.055991113;0.0061734915;0.2402497;0.31104374;0.578159;0.7359392;0.38781893;0.18132508;0.4241014;0.17006952;0.28359413;0.56189567;0.024131477;0.5040187;0.91839075;0.8716644;0.105798304;0.703991;0.3904367;0.7485963;0.98239917;0.5485696;0.2669124;0.41911316;0.72030663;0.66507363;0.3399912;0.07449716;0.13438636;0.37602955;0.60026526;0.5870745;0.8148122;0.2932334;0.47952968;0.38688958;0.8919311;0.014627397;0.07597464;0.624067;0.5280854;0.013025641;0.62060946;0.22844863;0.5028467;0.18107814;0.5865837;0.01172179;0.96140206;0.3468455;0.7243137;0.17184901;0.54386395;0.23426706;0.26268584;0.09518087;0.019255042;0.29981947;0.38338816;0.9862906;0.450301;0.82717705;0.83715373;0.3612044;0.51832;0.051894784;0.78697366;0.24787849;0.06946087;0.7469903;0.5036803;0.49934548;0.35102206;0.23669994;0.64009297;0.5201337;0.4327736;0.31231374;0.7816166;0.81892145;0.74423915;0.31710714;0.7482532;0.6622642;0.05554056;0.95836323;
0.16359276;0.90396273;0.22399366;0.4965288;0.4588791;0.04833871;0.34238458;0.9252891;0.9692284;0.7137952;0.21414113;0.059746027;0.21607423;0.93901306;0.8475956;0.8641422;0.13629198;0.6665514;0.69188935;0.17079043;0.9717061;0.48982298;0.41339982;0.553102;0.03203267;0.3988111;0.5245745;0.84957916;0.47693968;0.27745402;0.08825976;0.76621693;0.7485963;0.7824353;0.32754004;0.50989157;0.74191904;0.052797914;0.002091527;0.18503934;0.50494206;0.099402726;0.043611944;0.12871587;0.41239452;0.37298375;0.27633077;0.9507109;0.30902326;0.7570689;0.16779423;0.80992675;0.9711678;0.9702171;0.5516063;0.646017;0.19453174;0.79644924;0.42959875;0.6209057;0.01415652;0.60013634;0.6661087;0.7662284;0.64276004;0.7346068;0.5002786;0.41042012;0.8579425;0.8558068;0.57091516;0.030139029;0.7147906;0.15232295;0.3244341;0.7210268;0.3914668;0.1726945;0.7269583;0.41070294;0.5928066;0.21264106;0.31945413;0.664919;0.2919814;0.88893586;0.581093;0.3943134;0.26478183;0.11340004;0.18305957;0.9529349;0.7618216;0.6163297;0.907221;0.2847787;0.8414287;0.9409881;0.42647922;0.78895587;
0.31609643;0.7426853;0.33480376;0.9800105;0.8717764;0.13525867;0.70706457;0.96150017;0.7710171;0.04016447;0.39762628;0.8549764;0.29673123;0.6849878;0.01713258;0.42152375;0.27118593;0.17353165;0.59319615;0.6540488;0.016371131;0.055693448;0.054714024;0.7074799;0.58847743;0.37383848;0.27876723;0.52037835;0.9839982;0.1985746;0.3259641;0.7455157;0.98239917;0.32754004;0.21400446;0.19174653;0.5075914;0.67158765;0.8608127;0.20406407;0.1748215;0.9224502;0.46470296;0.14226705;0.6325198;0.13481349;0.17397738;0.5100447;0.7881128;0.20360124;0.37896514;0.09820795;0.39169896;0.9883627;0.68777245;0.15522957;0.6726258;0.4592088;0.92411715;0.9412205;0.18714368;0.12895656;0.54956895;0.95936483;0.020168066;0.35041636;0.33063745;0.54762554;0.036895514;0.8056452;0.15608561;0.010996759;0.32588506;0.5577853;0.5585447;0.67125237;0.33410835;0.9485331;0.6553437;0.4628371;0.3774706;0.70471686;0.5602178;0.5961385;0.21785206;0.29387438;0.56154454;0.47042304;0.86994815;0.0880422;0.6487822;0.8870537;0.982675;0.26162255;0.87844354;0.72622967;0.49095923;0.95470965;0.7406119;0.167746;
0.83015114;0.4620607;0.48159617;0.8725191;0.010146797;0.80043286;0.8977103;0.33798283;0.7964088;0.2314204;0.65137494;0.28417504;0.34866512;0.89884156;0.22877628;0.70761067;0.39454234;0.6657651;0.3852201;0.85005647;0.18987119;0.19082284;0.98400134;0.9283288;0.63848794;0.33665627;0.90701175;0.028683543;0.57855636;0.7555445;0.81549716;0.5668727;0.5485696;0.50989157;0.19174653;0.53622687;0.30614728;0.57191294;0.51432544;0.89606833;0.89050937;0.6197864;0.20951182;0.2583511;0.70423007;0.35654122;0.53276956;0.5351956;0.6117121;0.8797821;0.6351266;0.9545189;0.1402759;0.69940186;0.006424725;0.5069979;0.2565719;0.6066574;0.24425215;0.3946904;0.96753454;0.82156175;0.019753993;0.18044525;0.9783829;0.72965163;0.25769734;0.4020127;0.8991935;0.18430132;0.99243045;0.52618146;0.9126805;0.9848422;0.15952945;0.7854515;0.051406622;0.34709543;0.8859722;0.13332468;0.6040145;0.8503018;0.55118513;0.07806265;0.3863895;0.67951834;0.14865267;0.025068939;0.6503179;0.7399551;0.9685956;0.559851;0.47854942;0.34067476;0.35769105;0.18873453;0.47882217;0.9744865;0.7210427;0.092543304;
0.19974571;0.97698927;0.4040913;0.27169043;0.76890665;0.30240726;0.044886053;0.60371876;0.057445824;0.11625224;0.15931398;0.8359428;0.6735324;0.7136854;0.89830595;0.45565337;0.78210366;0.60823184;0.8181361;0.69238096;0.08976364;0.064427614;0.34127462;0.7472189;0.17502463;0.1574198;0.5623141;0.65449625;0.9615355;0.48723024;0.15911794;0.7690794;0.2669124;0.74191904;0.5075914;0.30614728;0.6853195;0.1572966;0.6814939;0.5788136;0.3683415;0.9174077;0.30949336;0.22141343;0.85528123;0.34722298;0.20311922;0.82181096;0.19800061;0.70432127;0.47662282;0.6149408;0.08953971;0.4325366;0.26739085;0.007541597;0.88172746;0.121594846;0.4525137;0.8160483;0.49290603;0.98517174;0.54728204;0.34911436;0.26817524;0.8775825;0.12282431;0.802476;0.012478709;0.08818936;0.23483068;0.7839877;0.55480653;0.24392807;0.26097596;0.32641423;0.71635884;0.44648927;0.54348576;0.23087037;0.6615512;0.7906464;0.47071934;0.38592863;0.7458324;0.30348998;0.60674286;0.8114161;0.61457884;0.93600744;0.11605835;0.5840225;0.34608012;0.9161034;0.2333175;0.6959619;0.96322834;0.92312557;0.25207126;0.7322407;
