0.9679262;0.61281747;0.055618763;0.6668307;0.3122207;0.40505975;0.468679;0.28393632;0.5207353;0.7102062;0.39874876;0.7460988;0.61760443;0.5741831;0.12115753;0.07784414;0.67128396;0.8897065;0.23621547;0.24367797;0.18529958;0.58916765;0.39518243;0.27662432;0.92667586;0.8800256;0.77201545;0.7856357;0.029978454;0.058290124;0.359514;0.9476981;0.9560764;0.16378403;0.3745104;0.64477724;0.8922351;0.460671;0.34280664;0.2445516;0.85538906;0.9801933;0.049952805;0.34593147;0.57475424;0.35383284;0.45315427;0.14884526;0.976854;0.78217477;0.43609494;0.89469254;0.7831206;0.4501863;0.30794215;0.35625124;0.45378333;0.6813097;0.7367096;0.58226305;0.4995168;0.9074757;0.046370685;0.41035074;0.34501654;0.89896154;0.8937252;0.40705824;0.9517406;0.5248728;0.5725776;0.3642851;0.22618932;0.5855712;0.053935885;0.14930987;0.8191428;0.030116022;0.069511235;0.84150106;0.9529743;0.35971987;0.335311;0.50618285;0.1555717;0.6511217;0.44721562;0.13044626;0.9237089;0.1585626;0.4600181;0.10860354;0.44456083;0.6634464;0.06685662;0.5488959;0.3565402;0.8759959;0.5721825;0.15528494;
0.61281747;0.4419734;0.7704455;0.9434311;0.82292825;0.13774455;0.29643476;0.3714589;0.66137534;0.17865741;0.9929358;0.8001447;0.49057603;0.8285013;0.56147385;0.048029363;0.2013622;0.32697928;0.15843111;0.43862873;0.44669235;0.033859253;0.99094135;0.9426098;0.16483712;0.88748693;0.6363812;0.36587983;0.9669073;0.46734273;0.16760778;0.0020840764;0.7567542;0.8810801;0.8585861;0.29355317;0.26736915;0.10073447;0.4295712;0.52810127;0.5768147;0.42954588;0.13822854;0.7494338;0.39368165;0.8498724;0.23278463;0.7489303;0.14457846;0.011627495;0.06618613;0.57696706;0.34142327;0.7863424;0.17086041;0.8276261;0.040437102;0.76558685;0.97625756;0.24003744;0.8488264;0.52614456;0.0053934455;0.45845187;0.3243147;0.9981784;0.4827454;0.96229047;0.83304656;0.7761847;0.08084357;0.92460287;0.66694003;0.8248943;0.67127955;0.48512566;0.43983757;0.23968351;0.8731191;0.7497332;0.6865758;0.4935546;0.9568823;0.5659638;0.40142655;0.00865227;0.476839;0.75170475;0.9347087;0.5018673;0.063667;0.12541884;0.07042956;0.33851874;0.5245375;0.9135051;0.16512984;0.9849377;0.9222646;0.35141456;
0.055618763;0.7704455;0.7679104;0.18248951;0.1759147;0.49499285;0.12761843;0.75300467;0.93662065;0.050475955;0.046500564;0.43829697;0.9084969;0.4378137;0.37363553;0.9566389;0.45323318;0.09825814;0.6787645;0.91526663;0.58968604;0.5990168;0.2285735;0.54024893;0.33646846;0.746866;0.011799753;0.4655764;0.8792274;0.09347391;0.77560055;0.7121755;0.8582664;0.18998313;0.6103896;0.32985651;0.014209926;0.2856859;0.3782851;0.5059341;0.83610475;0.94091713;0.9226694;0.5676052;0.4155318;0.40201163;0.73901606;0.57607865;0.5991845;0.011458755;0.29360604;0.5063241;0.82141185;0.46161878;0.10592562;0.28440684;0.26030695;0.6713359;0.62232155;0.25613707;0.3020754;0.637327;0.8381513;0.6061274;0.89157283;0.54590106;0.45205182;0.25098127;0.66289186;0.19513535;0.31220162;0.23592603;0.753222;0.7073954;0.25573558;0.17512226;0.59650093;0.2875173;0.011573136;0.052203;0.93269074;0.27571344;0.43382156;0.9146826;0.6014122;0.3197918;0.7789906;0.3320111;0.7911091;0.6268691;0.7403779;0.109377325;0.38963252;0.14599788;0.67633855;0.97766423;0.75936604;0.6393014;0.19406533;0.02201575;
0.6668307;0.9434311;0.18248951;0.18109322;0.7201357;0.548592;0.8288496;0.44116652;0.52068824;0.41021377;0.8620762;0.6096439;0.46629107;0.030159175;0.3611911;0.66821235;0.88499403;0.8358228;0.13010085;0.9352522;0.5503206;0.3795777;0.6877689;0.97623914;0.12921917;0.080913305;0.49750948;0.20239633;0.96434355;0.18363959;0.16511846;0.5263888;0.098030746;0.30996627;0.2850204;0.99970937;0.97177315;0.93225753;0.15844405;0.15850842;0.2542234;0.69416994;0.7787756;0.37403584;0.30612665;0.7789445;0.9738024;0.30795902;0.46052152;0.7132276;0.539903;0.80732983;0.22629595;0.8668543;0.60932374;0.24256039;0.8924345;0.92090076;0.3967458;0.82363087;0.24801624;0.62366825;0.792748;0.7533221;0.04850447;0.9224383;0.9083059;0.54902655;0.5140814;0.7974466;0.7992883;0.54991686;0.953922;0.3808617;0.757398;0.5016069;0.4314317;0.1402049;0.12123299;0.72704285;0.99852866;0.39705318;0.23550564;0.36482728;0.6709796;0.6234818;0.008582711;0.5999607;0.28737003;0.49717802;0.82371664;0.3482626;0.38268518;0.31464958;0.31767195;0.93773454;0.9966887;0.742136;0.077026725;0.6572701;
0.3122207;0.82292825;0.1759147;0.7201357;0.38866866;0.35470462;0.7135628;0.44464445;0.4828313;0.6287508;0.15723068;0.32648456;0.2770198;0.9492015;0.83262753;0.94649625;0.6289437;0.1823594;0.09289175;0.03978896;0.80099237;0.8229895;0.3074162;0.2876547;0.5533506;0.43331152;0.2654987;0.856056;0.5584466;0.7788442;0.11240739;0.20495975;0.35221905;0.2385652;0.428773;0.65535164;0.95144606;0.40422994;0.95773256;0.13555473;0.9618931;0.46918535;0.7431587;0.022693157;0.8691105;0.7836089;0.799879;0.7529272;0.44290936;0.455478;0.0027298927;0.8788707;0.974271;0.73339564;0.16561604;0.30242002;0.5678104;0.07078159;0.6761733;0.17890823;0.3864246;0.68001354;0.07279694;0.06182009;0.17132545;0.09197503;0.71403944;0.8459903;0.76797235;0.5820684;0.6565036;0.8280557;0.9130085;0.91730887;0.18609852;0.10429692;0.3785531;0.4605816;0.21887916;0.46287066;0.3362611;0.9378781;0.7214254;0.06839162;0.7553446;0.90673435;0.74446094;0.38594478;0.237616;0.22629678;0.9199852;0.27689052;0.3820809;0.6365221;0.34505486;0.6344242;0.42323685;0.60347843;0.18155217;0.18159139;
0.40505975;0.13774455;0.49499285;0.548592;0.35470462;0.03974521;0.9860969;0.6870196;0.12474716;0.9003524;0.4632731;8.369088E-4;0.80093336;0.23924792;0.7358554;0.74080503;0.96222806;0.40769368;0.89797837;0.9613058;0.44612318;0.30209112;0.81388164;0.07240856;0.29776824;0.15911508;0.9622735;0.3248136;0.4425848;0.9540877;0.8339023;0.12036401;0.94126123;0.7512287;0.009994805;0.37690598;0.78379166;0.7055153;0.22931343;0.99894375;0.379941;0.9085875;0.5403013;0.87844217;0.02691865;0.123606086;0.009234488;0.11612481;0.7465351;0.062106013;0.24189687;0.7457695;0.16786134;0.6271456;0.79950076;0.31769747;0.8302436;0.8797164;0.99556017;0.3668695;0.79508;0.6066714;0.48703367;0.4350633;0.3035937;0.63355166;0.27255756;0.7100385;0.5912207;0.9297844;0.1883049;0.2642038;0.5054072;0.33897346;0.37088078;0.30300707;0.46564275;0.3748049;0.7896418;0.8770258;0.7431654;0.66872567;0.7347499;0.37219256;0.85959697;0.6445493;0.791497;0.28613913;0.85398316;0.6903836;0.5589409;0.8411668;0.48859596;0.22647196;0.50462437;0.41946024;0.4769019;0.13087696;0.73632157;0.98603296;
0.468679;0.29643476;0.12761843;0.8288496;0.7135628;0.9860969;0.8767092;0.3834582;0.9142076;0.15733159;0.26351643;0.36985874;0.8952146;0.8829384;0.52174425;0.16016603;0.98421675;0.9618643;0.47291178;0.18037528;0.182598;0.13123125;0.8569788;0.31192183;0.80483574;0.44003707;0.8211024;0.80421096;0.35751754;0.7416746;0.14823139;0.722951;0.17461216;0.98102075;0.17258644;0.88620013;0.5412457;0.73985803;0.6282923;0.09110528;0.7988652;0.8331487;0.7848838;0.43055713;0.32983387;0.9145641;0.27315784;0.596532;0.57387465;0.8580799;0.022791922;0.176857;0.8750741;0.3495813;0.8542076;0.30084294;0.020509005;0.5320734;0.82802415;0.51403284;0.25733697;0.46420848;0.1250543;0.9453565;0.31125605;0.8943185;0.43421513;0.5628332;0.7406557;0.12020153;0.98025286;0.30981946;0.8098984;0.7810203;0.05633211;0.44375503;0.01227355;0.13819653;0.16562915;0.86937016;0.12683576;0.10551238;0.45579123;0.3674124;0.23948741;0.9063763;0.63609874;0.8118206;0.027474701;0.8609667;0.8456927;0.026114762;0.08373535;0.3331653;0.9939454;0.06832343;0.6249056;0.7284741;0.608005;0.17003232;
0.28393632;0.3714589;0.75300467;0.44116652;0.44464445;0.6870196;0.3834582;0.56181616;0.18776894;0.88911766;0.75646794;0.85955316;0.24388015;0.9055081;0.026227176;0.3735832;0.91509837;0.48496062;0.7166518;0.946445;0.84061337;0.35859537;0.37686998;0.78598666;0.63597226;0.9394719;0.113559246;0.4599567;0.64399636;0.8899473;0.43917596;0.8631904;0.91230065;0.63925576;0.8528943;0.5000018;0.25854164;0.7582668;0.014968693;0.7356471;0.7376489;0.9405298;0.9120013;0.49215978;0.7172708;0.7271414;0.99911094;0.9992181;0.17714739;0.4653045;0.4356619;0.9563724;0.9019931;0.11712587;0.6973526;0.71704346;0.8205589;0.5846514;0.052880526;0.094168186;0.9964055;0.59665173;0.31308025;0.4349361;0.18095362;0.544738;0.95970964;0.5651602;0.881745;0.05556774;0.69996905;0.8867119;0.517694;0.19035786;0.31591648;0.19127572;0.13955027;0.5727577;0.4219706;0.6341485;0.38832265;0.05497092;0.5800018;0.6345512;0.369345;0.4780674;0.115062475;0.6905423;0.2256422;0.2589993;0.06320977;0.87904423;0.3526764;0.7491379;0.6862446;0.092123926;0.32992703;0.97013766;0.18369311;0.24758512;
0.5207353;0.66137534;0.93662065;0.52068824;0.4828313;0.12474716;0.9142076;0.18776894;0.9194455;0.24010062;0.017500639;0.8442426;0.34348106;0.8433647;0.8279058;0.6828202;0.50433815;0.4486674;0.37312233;0.35368693;0.15102726;0.2790026;0.6635526;0.8176381;0.50224984;0.019533634;0.55258936;0.38092756;0.7037015;0.6788181;0.16459382;0.6527993;0.56007516;0.45250016;0.23282206;0.7782106;0.6695077;0.47352713;0.84304786;0.3812577;0.43618065;0.70367813;0.88915807;0.7755224;0.024775147;0.11579263;0.89019394;0.108944;0.7633589;0.05268234;0.9080421;0.3560307;0.9835881;0.51571083;0.55132926;0.16866982;0.33456677;0.65039665;0.83282036;0.8227078;0.8009321;0.57515395;0.33358914;0.7975337;0.532815;0.8559538;0.5327339;0.59967774;0.7243947;0.7312278;0.62044555;0.33697754;0.8017726;0.8740122;0.43877035;0.4775352;0.82246256;0.99612206;0.6164645;0.9255082;0.19422007;0.5917884;0.054155886;0.15620041;0.1645152;0.52696705;0.22184938;0.7751627;0.46827978;0.6725361;0.8433797;0.04874313;0.9023198;0.4098249;0.3738711;0.009773016;0.54470015;0.5656823;0.5763435;0.99810785;
0.7102062;0.17865741;0.050475955;0.41021377;0.6287508;0.9003524;0.15733159;0.88911766;0.24010062;0.38207448;0.5224593;0.79667825;0.008951724;0.27595758;0.6112751;0.45968366;0.43608147;0.030266762;0.759862;0.01910299;0.42273688;0.6643891;0.27373672;0.34292883;0.04592228;0.62119365;0.5922081;0.0052253604;0.02774471;0.09267318;0.25584882;0.5377789;0.041784585;0.43050373;0.9925901;0.6784763;0.20110643;0.63916963;0.7183821;0.87727517;0.59264237;0.04611969;0.48362356;0.30891722;0.86958504;0.32645136;0.5897723;0.26789045;0.6045788;0.6426683;0.89837426;0.8894798;0.1749894;0.4034949;0.25047278;0.98988193;0.29401654;0.6142285;0.97565144;0.38037556;0.6373238;0.26979363;0.98967063;0.5421495;0.7124321;0.32192725;0.4680665;0.020694494;0.77041847;0.5499466;0.22990865;0.1710071;0.58536655;0.65321493;0.5612617;0.6002334;0.3868993;0.62302476;0.023688555;0.53133065;0.39616793;0.013756454;0.052696526;0.93914366;0.5957565;0.09047395;0.7053553;0.699979;0.041794002;0.72121394;0.14742178;0.82555586;0.12467086;0.39952773;0.3374802;0.71106815;0.7485246;0.3007937;0.9668191;0.4160866;
0.39874876;0.9929358;0.046500564;0.8620762;0.15723068;0.4632731;0.26351643;0.75646794;0.017500639;0.5224593;0.82433337;0.068939686;0.3304848;0.53170115;0.50623626;0.7299436;0.31211466;0.7362148;0.8176856;0.80574673;0.5655167;0.07744479;0.5153327;0.68548465;0.81642765;0.6166847;0.4411521;0.7206413;0.9157949;0.7033834;0.87098765;0.11900735;0.101698995;0.63714874;0.123785496;0.7837124;0.6517405;0.0485062;0.14193052;0.8070782;0.64069647;0.17345238;0.12150043;0.05389607;0.9925525;0.71033806;0.91527486;0.22603238;0.17527038;0.37525636;0.11483586;0.26928127;0.7642998;0.35578382;0.6966459;0.7408293;0.57411826;0.385121;0.3474887;0.061497092;0.23699522;0.31580716;0.9804288;0.21918786;0.6158863;0.048003912;0.97932625;0.893975;0.8647375;0.9490152;0.18564165;0.7487065;0.92924285;0.75155854;0.69658595;0.49362177;0.66151154;0.5408382;0.70106524;0.33321947;0.39161366;0.7212969;0.30167717;0.91901344;0.8080432;0.741889;0.2911942;0.31401157;0.19468313;0.4239958;0.9759504;0.29843122;0.07931906;0.9327761;0.25699168;0.2694189;0.12801576;0.93149096;0.32164657;0.123710155;
0.7460988;0.8001447;0.43829697;0.6096439;0.32648456;8.369088E-4;0.36985874;0.85955316;0.8442426;0.79667825;0.068939686;0.026248693;0.54473335;0.12656939;0.758943;0.19114965;0.6362153;0.6069501;0.97186226;0.8038935;0.81040335;0.7735067;0.48235285;0.2704038;0.08062506;0.14749765;0.5639974;0.38052195;0.64205575;0.38621974;0.6721993;0.48227787;0.99339;0.09307295;0.7685689;0.100054026;0.25757998;0.6531421;0.39969832;0.38333422;0.3775931;0.43779886;0.6797826;0.448543;0.03187549;0.8483895;0.010549545;0.47400773;0.9592155;0.8746063;0.56982297;0.25328696;0.4879508;0.6637784;0.9682794;0.32940596;0.70808154;0.8051943;0.5653592;0.58878326;0.2761538;0.5862084;0.3066466;0.62937516;0.24736798;0.86656487;0.049580336;0.14750582;0.44537026;0.7310131;0.98335963;0.6576741;0.35322624;0.095677614;0.8210543;0.71185696;0.5639837;0.33006406;0.0576151;0.32078677;0.11786431;0.61266387;0.5020933;0.8262029;0.65307695;0.007204056;0.1645624;0.73100466;0.23314208;0.55361575;0.9559765;0.550036;0.2881521;0.6720208;0.56435865;0.9481095;0.26015115;0.25383568;0.36244613;0.2267732;
0.61760443;0.49057603;0.9084969;0.46629107;0.2770198;0.80093336;0.8952146;0.24388015;0.34348106;0.008951724;0.3304848;0.54473335;0.51749665;0.04445225;0.7942438;0.5201007;0.5907147;0.3530994;0.11540502;0.45689476;0.9470467;0.538423;0.76434886;0.5752247;0.43787736;0.17271471;0.74971443;0.00859642;0.55483896;0.6378319;0.9740433;0.61474895;0.9604765;0.6038298;0.6573149;0.9479965;0.0592376;0.50928193;0.19109035;0.76268756;0.9188123;0.26094753;0.28464568;0.9224139;0.5040285;0.39314008;0.85032296;0.44344616;0.09632367;0.07282758;0.77067024;0.33142895;0.7763741;0.9693599;0.84008604;0.15635937;0.06830442;0.6388965;0.7915902;0.3704793;0.54788166;0.39116287;0.86904347;0.21557468;0.026661217;0.9220219;0.25132322;0.09742868;0.49207455;0.5869174;0.6061785;0.2970428;0.8431982;0.2381751;0.0094922185;0.19125378;0.5799177;0.85187286;0.30423772;0.47110575;0.80089664;0.26657337;0.6966725;0.6793145;0.5487175;0.59623086;0.03378427;0.10725784;0.7502396;0.8349439;0.7288883;0.57102615;0.44170094;0.7018416;0.538044;0.43815702;0.05935949;0.111659646;0.12530959;0.8987961;
0.5741831;0.8285013;0.4378137;0.030159175;0.9492015;0.23924792;0.8829384;0.9055081;0.8433647;0.27595758;0.53170115;0.12656939;0.04445225;0.08869785;0.18848336;0.8024602;0.08626866;0.12037063;0.62336856;0.1293847;0.40058202;0.66056705;0.96841544;0.4220838;0.9936811;0.25317752;0.9800929;0.6714676;0.110305965;0.28535414;0.81350625;0.507257;0.8616858;0.65629756;0.28187698;0.37579668;0.35163593;0.16295391;0.32104492;0.28201538;0.08255404;0.70666975;0.15246046;0.87872976;0.6809101;0.56668913;0.58340734;0.26830643;0.94280654;0.8938068;0.12273371;0.4256385;0.26223594;0.94909114;0.028953075;0.12292075;0.79991996;0.47349203;0.69745433;0.42131257;0.6941805;0.6532066;0.9011228;0.975185;0.49165493;0.29033655;0.9973703;0.6853043;0.44497186;0.4325382;0.26982856;0.7836233;0.6499552;0.7404766;0.8412414;0.58538985;0.3711846;0.36556554;0.5316619;0.35711652;0.059851766;0.36640245;0.28786117;0.44693696;0.5768723;0.20575792;0.66958606;0.52999717;0.73219776;0.26003706;0.12390053;0.07977265;0.24794465;0.3499905;0.008778393;0.8138947;0.41382718;0.28748137;0.18000245;0.029806435;
0.12115753;0.56147385;0.37363553;0.3611911;0.83262753;0.7358554;0.52174425;0.026227176;0.8279058;0.6112751;0.50623626;0.758943;0.7942438;0.18848336;0.36630857;0.17738897;0.3117401;0.9528704;0.84306717;0.19086224;0.11213082;0.9074207;0.81489015;0.449736;0.30743635;0.31608373;0.5954869;0.8966434;0.68655807;0.7249374;0.8807508;0.8028285;0.1925627;0.8500897;0.5450283;0.44066447;0.8675733;0.33974135;0.9701914;0.81928504;0.008137524;0.4079545;0.6801729;0.6573834;0.87501705;0.8496555;0.49245906;0.493245;0.3664984;0.3773511;0.26387644;0.38362908;0.66551423;0.94858474;0.15531772;0.4572823;0.17107314;0.8510991;0.28693062;0.7878105;0.70074034;0.42381108;0.9902732;0.046743095;0.5016732;0.96617436;0.9988532;0.2032395;0.72414505;0.52505285;0.8164419;0.88968605;0.6379382;0.9925439;0.7841117;0.67405057;0.33717835;0.12357962;0.65803045;0.3985622;0.718502;0.57237256;0.4640777;0.057215273;0.25197875;0.5830892;0.12959778;0.3170309;0.17040145;0.4629619;0.21704233;0.52290773;0.56128746;0.58554584;0.28203225;0.23266858;0.37255567;0.30868155;0.0015954971;0.36573803;
0.07784414;0.048029363;0.9566389;0.66821235;0.94649625;0.74080503;0.16016603;0.3735832;0.6828202;0.45968366;0.7299436;0.19114965;0.5201007;0.8024602;0.17738897;0.3953908;0.876859;0.8923838;0.7285637;0.29670554;0.71905595;0.9619595;0.010797858;0.21253574;0.7207768;0.9582512;0.55357426;0.77739716;0.8480618;0.573036;0.22114694;0.48278582;0.7574483;0.60156703;0.3287921;0.7023717;0.49751866;0.5978633;0.7926613;0.6483752;0.5707953;0.20984757;0.8610679;0.98839366;0.0323174;0.1293621;0.0074088573;0.6901146;0.51343715;0.16476887;0.2957846;0.34562433;0.056803465;0.9226675;0.3002591;0.6058982;0.7498504;0.4722973;0.014299691;0.09339446;0.6922803;0.09427124;0.932594;0.31843585;0.11173451;0.57516253;0.86708736;0.21988267;0.08592588;0.5184198;0.45293134;0.07337725;0.83766454;0.41382825;0.8028234;0.77828693;0.34727526;0.7956297;0.039352417;0.3882714;0.99526113;0.57030106;0.95907676;0.037511885;0.5148896;0.963557;0.26244926;0.9703505;0.9598396;0.48093373;0.92012167;0.17265028;0.5743674;0.46290427;0.28782755;0.71387744;0.4373991;0.7971297;0.1561274;0.52478665;
0.67128396;0.2013622;0.45323318;0.88499403;0.6289437;0.96222806;0.98421675;0.91509837;0.50433815;0.43608147;0.31211466;0.6362153;0.5907147;0.08626866;0.3117401;0.876859;0.5223013;0.6561321;0.2762832;0.7233505;0.021258056;0.66688335;0.058013797;0.5475305;0.55093616;0.7664168;0.16645908;0.7519219;0.36250234;0.6194209;0.46625417;0.62376606;0.86438006;0.6474758;0.15747046;0.71577245;0.5592757;0.11816585;0.43868703;0.42603695;0.8981373;0.05750668;0.4014731;0.65384483;0.2269513;0.874972;0.12362796;0.21322697;0.8076825;0.8189939;0.24764442;0.5231816;0.7691835;0.41343564;0.26914632;0.17174965;0.4718845;0.78739434;0.5547774;0.025330663;0.76422715;0.8297292;0.8021428;0.6805453;0.34346366;0.297871;0.24264026;0.9767801;0.64308697;0.28822625;0.11627215;0.07800567;0.25666088;0.6175471;0.018978477;0.1492644;0.15421224;0.84275806;0.19947225;0.93304175;0.36103952;0.43590784;0.8328741;0.534932;0.37061262;0.7772182;0.40616035;0.51814425;0.41439128;0.04824078;0.75311804;0.9922392;0.38344693;0.33036196;0.5145836;0.2948355;0.08696139;0.07028848;0.20906806;0.88268715;
0.8897065;0.32697928;0.09825814;0.8358228;0.1823594;0.40769368;0.9618643;0.48496062;0.4486674;0.030266762;0.7362148;0.6069501;0.3530994;0.12037063;0.9528704;0.8923838;0.6561321;0.13561589;0.7962478;0.6260613;0.8696864;0.68126845;0.064011455;0.39527923;0.3622511;0.14036328;0.6859965;0.2425763;0.7659427;0.36658478;0.6708122;0.307814;0.74466777;0.43822098;0.6335768;0.52629644;0.26860106;0.09117663;0.63660157;0.44230652;0.009757698;0.070691645;0.49898678;0.42865938;0.79931414;0.80569977;0.036497474;0.88775486;0.3602172;0.49652547;0.5048188;0.9598077;0.8554719;0.35621178;0.3529905;0.10855031;0.41542357;0.37413192;0.72578526;0.86576694;0.43155843;0.93320495;0.41211593;0.38587517;0.7564566;0.5296356;0.40007144;0.414504;0.98292065;0.4575919;0.82092935;0.05172968;0.3739528;0.042793512;0.07909775;0.7123278;0.11541635;0.8531765;0.48005342;0.5009732;0.9124165;0.22688633;0.555688;0.61833644;0.34768915;0.34765685;0.26146603;0.8303632;0.3346023;0.72357357;0.17585069;0.7731548;0.49151915;0.904457;0.69919485;0.2390669;0.1131677;0.14381707;0.20302963;0.057947397;
0.23621547;0.15843111;0.6787645;0.13010085;0.09289175;0.89797837;0.47291178;0.7166518;0.37312233;0.759862;0.8176856;0.97186226;0.11540502;0.62336856;0.84306717;0.7285637;0.2762832;0.7962478;0.28095233;0.5613577;0.96670383;0.79922587;0.3747669;0.35554844;0.39865714;0.29197836;0.3012064;0.23046547;0.01336813;0.7603591;0.8065918;0.0019484758;0.6276768;0.4231577;0.17072135;0.92918795;0.13654959;0.2509302;0.055625916;0.32908696;0.67595387;0.32112414;0.3865019;0.18181854;0.11867559;0.78562576;0.50227016;0.79640865;0.31820846;0.106469035;0.47426093;0.34945554;0.40915316;0.97269034;0.52039194;0.35177988;0.7340677;0.99290955;0.5672975;0.9749226;0.77159554;0.59216964;0.7063062;0.5362468;0.6743869;0.053474844;0.4097674;0.11973727;0.34784603;0.62488854;0.9778761;0.8858083;0.79777044;0.19579482;0.3395965;0.5033415;0.69238305;0.6287934;0.70393205;0.46759725;0.49341118;0.0230999;0.7305348;0.5739948;0.3530817;0.6197621;0.8320485;0.82836735;0.96118516;0.2941531;0.5298234;0.19476634;0.5641625;0.616457;0.8798146;0.16388297;0.93627137;0.058876216;0.63974273;0.7083089;
0.24367797;0.43862873;0.91526663;0.9352522;0.03978896;0.9613058;0.18037528;0.946445;0.35368693;0.01910299;0.80574673;0.8038935;0.45689476;0.1293847;0.19086224;0.29670554;0.7233505;0.6260613;0.5613577;0.8669954;0.45679325;0.18100327;0.3346247;0.28543925;0.82499224;0.92854667;0.2844994;0.41728163;0.09478849;0.0065658092;0.6377205;0.024682581;0.16520166;0.8351872;0.9749003;0.7975127;0.9476232;0.6048609;0.48277777;0.9749223;0.4573841;0.18212509;0.45416766;0.3348683;0.64810604;0.51431787;0.44473958;0.22463822;0.91044533;0.31338954;0.7690222;0.27564895;0.6079937;0.5846963;0.4908479;0.2605331;0.46477824;0.3888545;0.9304362;0.4817698;0.22852343;0.691301;0.1236608;0.44695616;0.031145036;0.1441387;0.72200245;0.15502787;0.39523774;0.06884098;0.8823408;0.6797192;0.2919591;0.54920197;0.96495545;0.16790855;0.5140177;0.9438024;0.44039845;0.235282;0.488882;0.347471;0.8421093;0.6473823;0.850136;0.7243736;0.99480677;0.26193452;0.46630752;0.28494167;0.7493707;0.6991461;0.6842367;0.15854913;0.081849575;0.9493254;0.36011046;0.9334295;0.5487496;0.8163645;
0.18529958;0.44669235;0.58968604;0.5503206;0.80099237;0.44612318;0.182598;0.84061337;0.15102726;0.42273688;0.5655167;0.81040335;0.9470467;0.40058202;0.11213082;0.71905595;0.021258056;0.8696864;0.96670383;0.45679325;0.91575766;0.19963032;0.17658252;0.12514746;0.69963634;0.5935026;0.15248096;0.29258096;0.60709786;0.3398952;0.9547413;0.78064615;0.19679719;0.28893024;0.9603442;0.8063422;0.5363558;0.58406293;0.0167225;0.41031945;0.9973632;0.045948505;0.41622454;0.79352564;0.0570665;0.43159348;0.40391314;0.32182294;0.773773;0.26953483;0.032844305;0.0046075583;0.99576503;0.3701502;0.63472503;0.21143353;0.064882755;0.79753023;0.75686765;0.61811066;0.29653972;0.6144585;0.40093786;0.20926982;0.2918558;0.7033414;0.12387347;0.27307546;0.46771067;0.8306604;0.23328227;0.58576876;0.57580394;0.9717145;0.773873;0.62248033;0.19885159;0.289146;0.32479817;0.4717645;0.5810494;0.13744217;0.62290615;0.36227417;0.2144658;0.7092723;0.17093223;0.10457152;0.3626091;0.5614493;0.32006013;0.061823547;0.18249238;0.24654835;0.78098;0.1420458;0.99209774;0.45502;0.4694172;0.64542603;
0.58916765;0.033859253;0.5990168;0.3795777;0.8229895;0.30209112;0.13123125;0.35859537;0.2790026;0.6643891;0.07744479;0.7735067;0.538423;0.66056705;0.9074207;0.9619595;0.66688335;0.68126845;0.79922587;0.18100327;0.19963032;0.8460846;0.59701484;0.089133084;0.38588065;0.6441671;0.29017115;0.14635336;0.27890778;0.3578779;0.54721624;0.45138842;0.80574226;0.30259895;0.9873537;0.5913009;0.115285754;0.7399244;0.46543056;0.117851615;0.7572511;0.20783609;0.1294204;0.7305219;0.4527008;0.3679055;0.4287305;0.2579028;0.13920105;0.3822384;0.07061684;0.742906;0.90470856;0.28641045;0.66385883;0.007892311;0.3072691;0.54685736;0.4780118;0.16256058;0.8971419;0.111998916;0.27648956;0.67791694;0.04783255;0.1338898;0.94163626;0.06372857;0.70799243;0.88274014;0.21352488;0.89496905;0.7783517;0.35101664;0.3230285;0.65905243;0.16958106;0.3651715;0.933325;0.79483294;0.70493984;0.65878046;0.07443744;0.20269513;0.5574468;0.4851957;0.8985359;0.26335186;0.40193778;0.6455625;0.73328954;0.85448396;0.7539152;0.41838408;0.6839011;0.8827405;0.7392036;0.74104226;0.3020314;0.12795252;
0.39518243;0.99094135;0.2285735;0.6877689;0.3074162;0.81388164;0.8569788;0.37686998;0.6635526;0.27373672;0.5153327;0.48235285;0.76434886;0.96841544;0.81489015;0.010797858;0.058013797;0.064011455;0.3747669;0.3346247;0.17658252;0.59701484;0.5759354;0.89840704;0.010123849;0.34910446;0.5720684;0.7385472;0.004191041;0.9676639;0.39930922;0.21570265;0.35967475;0.46810943;0.06910646;0.6780117;0.20529765;0.8122754;0.75761175;0.95634097;0.29796445;0.794374;0.40531445;0.13405186;0.9304552;0.7100812;0.5391937;0.04607171;0.51866007;0.94123244;0.74722797;0.527222;0.006123364;0.09476036;0.83181286;0.40601814;0.014482141;0.62446195;0.9932603;0.579769;0.9477398;0.7742235;0.16623408;0.17089403;0.68498695;0.5179432;0.34819025;0.98645836;0.37857205;0.83329064;0.14005977;0.18310559;0.9535077;0.86816674;0.19887298;0.3725708;0.49469632;0.96724576;0.16674495;0.4702838;0.087255955;0.5974322;0.06113386;0.1970787;0.63482255;0.25782514;0.8441486;0.7479067;0.85769135;0.33482558;0.28695554;0.12687051;0.025006533;0.61450773;0.38977587;0.22898608;0.899564;0.5103822;0.47410727;0.053629935;
0.27662432;0.9426098;0.54024893;0.97623914;0.2876547;0.07240856;0.31192183;0.78598666;0.8176381;0.34292883;0.68548465;0.2704038;0.5752247;0.4220838;0.449736;0.21253574;0.5475305;0.39527923;0.35554844;0.28543925;0.12514746;0.089133084;0.89840704;0.73192567;0.700027;0.30973393;0.1962949;0.21232265;0.15053624;0.37974048;0.78550494;0.14328372;0.8550187;0.14982909;0.49176306;0.48748422;0.17590827;0.37747556;0.90056324;0.44858956;0.09179312;0.29513568;0.08491552;0.04764408;0.39549947;0.7740657;0.9377806;0.35067165;0.36755383;0.22523332;0.34295434;0.6297795;0.4584571;0.63229173;0.9948929;0.3756621;0.5567549;0.9410876;0.44187367;0.7373291;0.7242774;0.49801707;0.17852044;0.25748295;0.8590766;0.9839447;0.15139526;0.01694417;0.5738228;0.5253132;0.6234721;0.8432916;0.2528727;0.24188066;0.42697442;0.92107517;0.14786363;0.29724246;0.70672476;0.8580938;0.5748766;0.46971297;0.19506544;0.90999097;0.33713084;0.44801295;0.90684724;0.594422;0.017543912;0.49813914;0.9296789;0.78837425;0.79251844;0.9380929;0.7891269;0.6774243;0.16212583;0.78783715;0.774259;0.49476516;
0.92667586;0.16483712;0.33646846;0.12921917;0.5533506;0.29776824;0.80483574;0.63597226;0.50224984;0.04592228;0.81642765;0.08062506;0.43787736;0.9936811;0.30743635;0.7207768;0.55093616;0.3622511;0.39865714;0.82499224;0.69963634;0.38588065;0.010123849;0.700027;0.88336176;0.4509492;0.287795;0.9133151;0.08265865;0.6838104;0.88355637;0.9439559;0.049570322;0.37528592;0.25472057;0.8306839;0.41318512;0.8427631;0.04690641;0.29398042;0.67741144;0.40362006;0.006373167;0.25362128;0.141298;0.54158217;0.7132921;0.009015441;0.8157922;0.9377796;0.8256455;0.21220219;0.8041084;0.8378024;0.6794742;0.58692104;0.21761459;0.9115849;0.5713189;0.31631464;0.32711643;0.95463544;0.051086366;0.046820343;0.47396755;0.9484738;0.7770208;0.46715057;0.27613991;0.97100693;0.29878736;0.55231357;0.62622666;0.17274487;0.802441;0.9830012;0.5284104;0.8063638;0.7555384;0.6531971;0.7058874;0.7592317;0.7733238;0.15596461;0.18932605;0.7301854;0.5921386;0.9265132;0.39541948;0.49618137;0.24103194;0.5962458;0.77457935;0.86079973;0.48964506;0.7633759;0.73282194;0.5667796;0.4205919;0.20320594;
0.8800256;0.88748693;0.746866;0.080913305;0.43331152;0.15911508;0.44003707;0.9394719;0.019533634;0.62119365;0.6166847;0.14749765;0.17271471;0.25317752;0.31608373;0.9582512;0.7664168;0.14036328;0.29197836;0.92854667;0.5935026;0.6441671;0.34910446;0.30973393;0.4509492;0.9364216;0.69682616;0.49063176;0.9065665;0.0654726;0.76320684;0.307868;0.2777949;0.9554509;0.19914252;0.2606343;0.5139668;0.59936744;0.5509424;0.6440285;0.97333443;0.32411236;0.027411819;0.1488316;0.84890085;0.5125421;0.63094693;0.6315035;0.6917873;0.07588428;0.45808357;0.13745946;0.7740498;0.5363886;0.35080695;0.8532946;0.6063539;0.92085844;0.40935868;0.47505444;0.87382275;0.89665645;0.7774693;0.15721107;0.41072726;0.30070543;0.30752254;0.62780106;0.03958291;0.4807104;0.41628212;0.41824514;0.76693845;0.23085254;0.44255745;0.7478233;0.32070667;0.60994095;0.07109648;0.5800094;0.08021706;0.25776434;0.736876;0.7784299;0.92720914;0.07362211;0.95154995;0.15129673;0.2995664;0.27226126;0.07502431;0.93790495;0.40285003;0.99427295;0.6146989;0.87120533;0.46060532;0.22577775;0.028207362;0.071427286;
0.77201545;0.6363812;0.011799753;0.49750948;0.2654987;0.9622735;0.8211024;0.113559246;0.55258936;0.5922081;0.4411521;0.5639974;0.74971443;0.9800929;0.5954869;0.55357426;0.16645908;0.6859965;0.3012064;0.2844994;0.15248096;0.29017115;0.5720684;0.1962949;0.287795;0.69682616;0.40828735;0.19686848;0.39673233;0.9108796;0.54882073;0.24985439;0.63516474;0.23769593;0.36586386;0.6930975;0.0036219954;0.107222855;0.03304714;0.614111;0.77543354;0.09609491;0.4845835;0.49959868;0.07438469;0.15774763;0.03244859;0.6297622;0.054029584;0.9695201;0.471322;0.39352232;0.59811956;0.9646577;0.2652622;0.29636484;0.25844038;0.13302636;0.19215673;0.3433417;0.58378667;0.52513844;0.77117777;0.25893664;0.15407658;0.29360473;0.08476353;0.8448137;0.8565783;0.12499815;0.14350647;0.67910033;0.18638992;0.4507522;0.30217546;0.8075858;0.87076575;0.8704035;0.9648775;0.6568094;0.19619429;0.08140546;0.7610689;0.17808318;0.69481844;0.50867367;0.8274842;0.2369963;0.7288921;0.83656305;0.003231883;0.21920758;0.008079708;0.86836356;0.05229038;0.031055331;0.66459286;0.6590757;0.5190004;0.6412964;
0.7856357;0.36587983;0.4655764;0.20239633;0.856056;0.3248136;0.80421096;0.4599567;0.38092756;0.0052253604;0.7206413;0.38052195;0.00859642;0.6714676;0.8966434;0.77739716;0.7519219;0.2425763;0.23046547;0.41728163;0.29258096;0.14635336;0.7385472;0.21232265;0.9133151;0.49063176;0.19686848;0.27740926;0.30573285;0.23244488;0.5582377;0.38918465;0.19761056;0.25647455;0.5271166;0.6452425;0.26923043;0.027992904;0.03273958;0.38385546;0.5624573;0.41609883;0.9636585;0.13151526;0.109630585;0.76974;0.9558072;0.10689539;0.044452548;0.98909855;0.8015347;0.96652025;0.6020225;0.9699507;0.5087743;0.23358232;0.9757092;0.95785594;0.3106042;0.9666113;0.4367057;0.6794355;0.063536644;0.35282892;0.47088397;0.73019874;0.812495;0.058107078;0.30691272;0.25957793;0.68718207;0.42102945;0.29292935;0.3550415;0.58823705;0.20369565;0.38225907;0.79488707;0.41525835;0.82348216;0.6079743;0.34101194;0.035012305;0.9925856;0.49344623;0.5519969;0.1609329;0.7356665;0.85290545;0.73653954;0.056082666;0.8448231;0.17547739;0.40125537;0.5678846;0.7910214;0.22684014;0.98147666;0.55361706;0.058590293;
0.029978454;0.9669073;0.8792274;0.96434355;0.5584466;0.4425848;0.35751754;0.64399636;0.7037015;0.02774471;0.9157949;0.64205575;0.55483896;0.110305965;0.68655807;0.8480618;0.36250234;0.7659427;0.01336813;0.09478849;0.60709786;0.27890778;0.004191041;0.15053624;0.08265865;0.9065665;0.39673233;0.30573285;0.5443058;0.94369876;0.10830414;0.82353926;0.15686673;0.4743976;0.9210455;0.09843737;0.67770875;0.5093087;0.97683597;0.5565885;0.6874863;0.36071807;0.7995608;0.8734486;0.05827576;0.7704788;0.5780196;0.398852;0.83863187;0.22576797;0.8123407;0.5304561;0.99312353;0.7490221;0.81998646;0.8393642;0.23018211;0.8392936;0.21144861;0.15428114;0.38760853;0.19086277;0.8762966;0.031424165;0.08949345;0.08157408;0.5590696;0.11480838;0.928464;0.90389574;0.97466797;0.8461481;0.87909585;0.03955555;0.87301594;0.07293981;0.33434534;0.43259823;0.8846727;0.4545877;0.04627347;0.54453695;0.41447145;0.98927987;0.1720199;0.17718017;0.94239604;0.40343118;0.9534456;0.14007038;0.63476455;0.5587928;0.20537972;0.05405754;0.16696554;0.24774408;0.58752066;0.6494937;0.5305792;0.19411194;
0.058290124;0.46734273;0.09347391;0.18363959;0.7788442;0.9540877;0.7416746;0.8899473;0.6788181;0.09267318;0.7033834;0.38621974;0.6378319;0.28535414;0.7249374;0.573036;0.6194209;0.36658478;0.7603591;0.0065658092;0.3398952;0.3578779;0.9676639;0.37974048;0.6838104;0.0654726;0.9108796;0.23244488;0.94369876;0.6933068;0.59531397;0.5255735;0.9802376;0.32007778;0.03763008;0.5913799;0.720729;0.72416574;0.89311516;0.9227711;0.06754643;0.29264712;0.5553731;0.22712195;0.89375323;0.04799676;0.24914485;0.82422876;0.33605146;0.35659647;0.44388008;0.6102959;0.25209117;0.7866169;0.2690783;0.19132894;0.1440978;0.6515195;0.5139007;0.7785943;0.9220591;0.83106697;0.5029967;0.5383433;0.07628316;0.44244492;0.8564012;0.418643;0.3585196;0.22545797;0.53683305;0.9804027;0.937347;0.39579898;0.88021696;0.559175;0.23993504;0.92152035;0.43710208;0.2189753;0.99298805;0.5219779;0.24941713;0.23733199;0.2399615;0.31403667;0.31335998;0.6483863;0.18564743;0.9581431;0.09483099;0.20973676;0.9692688;0.22657984;0.9019007;0.22736216;0.22321641;0.70401025;0.20147723;0.8066621;
0.359514;0.16760778;0.77560055;0.16511846;0.11240739;0.8339023;0.14823139;0.43917596;0.16459382;0.25584882;0.87098765;0.6721993;0.9740433;0.81350625;0.8807508;0.22114694;0.46625417;0.6708122;0.8065918;0.6377205;0.9547413;0.54721624;0.39930922;0.78550494;0.88355637;0.76320684;0.54882073;0.5582377;0.10830414;0.59531397;0.94927037;0.44048327;0.8210035;0.6959341;0.8540323;0.5233884;0.3370474;0.4683503;0.63452846;0.7865061;0.81010973;0.41777945;0.64078814;0.8446284;0.93323076;0.8763187;0.98042154;0.55833995;0.6666625;0.55706865;0.11115074;0.48367244;0.07486838;0.5569767;0.21033514;0.1505152;0.80734766;0.79309654;0.013417304;0.09084278;0.8874621;0.22594064;0.3505876;0.02169174;0.9202599;0.064029455;0.7325058;0.41693038;0.97579914;0.057896256;0.1840958;0.16126406;0.9930615;0.10582721;0.96808815;0.24591196;0.5025556;0.37186748;0.97708267;0.3779165;0.36251223;0.119179666;0.9069384;0.6087371;0.5784608;0.7677858;0.5651162;0.06094539;0.37574422;0.8786904;0.15462184;0.096372664;0.53037214;0.79356927;0.7774098;0.28690267;0.09519708;0.7585692;0.12857711;0.53671324;
0.9476981;0.0020840764;0.7121755;0.5263888;0.20495975;0.12036401;0.722951;0.8631904;0.6527993;0.5377789;0.11900735;0.48227787;0.61474895;0.507257;0.8028285;0.48278582;0.62376606;0.307814;0.0019484758;0.024682581;0.78064615;0.45138842;0.21570265;0.14328372;0.9439559;0.307868;0.24985439;0.38918465;0.82353926;0.5255735;0.44048327;0.73732406;0.073506415;0.5772244;0.24591368;0.84317625;0.121902406;0.67256325;0.43555516;0.34766424;0.9145101;0.7485825;0.546978;0.023644388;0.9102822;0.3628227;0.27396077;0.9165877;0.10619277;0.41316724;0.76267654;0.20964676;0.56063175;0.18025243;0.22699499;0.9779787;0.8762894;0.45128077;0.8585617;0.6362673;0.1723572;0.46391302;0.265433;0.38200617;0.90225065;0.8162397;0.3096807;0.14700508;0.9966977;0.88448346;0.9086;0.67046404;0.1252647;0.6227192;0.7684663;0.20833975;0.17869174;0.6617133;0.45589304;0.5219773;0.8377949;0.36153382;0.7735593;0.62807226;0.66000694;0.99268305;0.69823664;0.3493495;0.9760667;0.3777517;0.8838668;0.7742805;0.107221186;0.7588979;0.7794639;0.2971019;0.053256035;0.23528236;0.45714712;0.66149294;
0.9560764;0.7567542;0.8582664;0.098030746;0.35221905;0.94126123;0.17461216;0.91230065;0.56007516;0.041784585;0.101698995;0.99339;0.9604765;0.8616858;0.1925627;0.7574483;0.86438006;0.74466777;0.6276768;0.16520166;0.19679719;0.80574226;0.35967475;0.8550187;0.049570322;0.2777949;0.63516474;0.19761056;0.15686673;0.9802376;0.8210035;0.073506415;0.2839421;0.6085362;0.7753708;0.40017998;0.25035805;0.5613287;0.55908525;0.61578536;0.4320103;0.2894491;0.4844988;0.45254946;0.7857429;0.12602025;0.61073416;0.14446205;0.2172206;0.9107357;0.05280304;0.64659804;0.68059427;0.48517495;0.8577811;0.71801025;0.65554273;0.47490418;0.8895401;0.10280764;0.872095;0.45886856;0.71271724;0.21422827;0.5040524;0.18423617;0.17474806;0.051816344;0.92538357;0.5207715;0.3155341;0.1758396;0.2185244;0.81728864;0.5551447;0.6151987;0.5124899;0.38599288;0.49804127;0.362593;0.70834875;0.5247405;0.9703785;0.020334601;0.8285844;0.63090587;0.46667826;0.30129308;0.37467062;0.03625858;0.6033292;0.63539267;0.19382519;0.78212607;0.840559;0.49089718;0.537429;0.07590765;0.009490788;0.03404939;
0.16378403;0.8810801;0.18998313;0.30996627;0.2385652;0.7512287;0.98102075;0.63925576;0.45250016;0.43050373;0.63714874;0.09307295;0.6038298;0.65629756;0.8500897;0.60156703;0.6474758;0.43822098;0.4231577;0.8351872;0.28893024;0.30259895;0.46810943;0.14982909;0.37528592;0.9554509;0.23769593;0.25647455;0.4743976;0.32007778;0.6959341;0.5772244;0.6085362;0.57342637;0.76554304;0.24722731;0.3427295;0.4952485;0.74711597;0.9554825;0.39522755;0.22694415;4.5633316E-4;0.8160043;0.9447982;0.95708925;0.1392451;0.9698849;0.16010982;0.45755684;0.52252364;0.5592057;0.060120046;0.013553143;0.5484308;0.3611322;0.86420196;0.82475;0.63448733;0.8905939;0.937144;0.64968634;0.8306655;0.5150916;0.37905806;0.92743564;0.94586444;0.8052779;0.60736173;0.21286511;0.5034823;0.91879493;0.117013514;0.4258321;0.7290952;0.9315263;0.8323104;0.9008237;0.82609147;0.19921017;0.36809266;0.61855745;0.5140448;0.40191877;0.48473513;0.7005216;0.9364145;0.5809997;0.7708311;0.18211061;0.022057414;0.25728464;0.7156445;0.82377845;0.26813;0.49514186;0.6366548;0.5447037;0.04271984;0.40614742;
0.3745104;0.8585861;0.6103896;0.2850204;0.428773;0.009994805;0.17258644;0.8528943;0.23282206;0.9925901;0.123785496;0.7685689;0.6573149;0.28187698;0.5450283;0.3287921;0.15747046;0.6335768;0.17072135;0.9749003;0.9603442;0.9873537;0.06910646;0.49176306;0.25472057;0.19914252;0.36586386;0.5271166;0.9210455;0.03763008;0.8540323;0.24591368;0.7753708;0.76554304;0.8029608;0.06586099;0.12539369;0.044544518;0.013987303;0.46829122;0.32504869;0.4200883;0.8737869;0.060692012;0.2480076;0.12527996;0.1596523;0.3996144;0.32656646;0.0023103952;0.80615735;0.95717454;0.86150837;0.898544;0.09182465;0.8763892;0.449139;0.93145514;0.8263391;0.86427575;0.14050627;0.17872566;0.1427657;0.30879182;0.39243746;0.93022627;0.66452837;0.6423778;0.43836814;0.7014769;0.22175199;0.5724338;0.75330216;0.6605851;0.48872608;0.08144814;0.71191686;0.42622858;0.4519192;0.6382603;0.6669856;0.95820683;0.3679526;0.4117459;0.3456598;0.5561511;0.3876955;0.6820521;0.91824967;0.16852337;0.109479845;0.077596605;0.4303615;0.04667282;0.398911;0.6282749;0.08040309;0.59037745;0.6555893;0.668825;
0.64477724;0.29355317;0.32985651;0.99970937;0.65535164;0.37690598;0.88620013;0.5000018;0.7782106;0.6784763;0.7837124;0.100054026;0.9479965;0.37579668;0.44066447;0.7023717;0.71577245;0.52629644;0.92918795;0.7975127;0.8063422;0.5913009;0.6780117;0.48748422;0.8306839;0.2606343;0.6930975;0.6452425;0.09843737;0.5913799;0.5233884;0.84317625;0.40017998;0.24722731;0.06586099;0.90464395;0.99450713;0.77633756;0.39223772;0.41761267;0.67417014;0.7167493;0.6200156;0.99474496;0.17864865;0.9078371;0.9539639;0.71423185;0.28943914;0.03330189;0.89284533;0.4767021;0.3563012;0.9068479;0.72399133;0.5491048;0.101729274;0.49672687;0.8341499;0.42619383;0.25186473;0.9982709;0.66321254;0.12515861;0.05274558;0.8276688;0.76352614;0.17513454;0.728756;0.50039357;0.88231546;0.22119135;0.6134694;0.69022167;0.14974844;0.63913137;0.9295433;0.9192652;0.88319623;0.099060416;0.33865875;0.884574;0.5347904;0.80485564;0.29594368;0.22442216;0.49731088;0.12067461;0.427634;0.16421735;0.73621583;0.9083652;0.21135414;0.92320997;0.003088951;0.68103755;0.1625427;0.37570083;0.6169015;0.33540845;
0.8922351;0.26736915;0.014209926;0.97177315;0.95144606;0.78379166;0.5412457;0.25854164;0.6695077;0.20110643;0.6517405;0.25757998;0.0592376;0.35163593;0.8675733;0.49751866;0.5592757;0.26860106;0.13654959;0.9476232;0.5363558;0.115285754;0.20529765;0.17590827;0.41318512;0.5139668;0.0036219954;0.26923043;0.67770875;0.720729;0.3370474;0.121902406;0.25035805;0.3427295;0.12539369;0.99450713;0.40295267;0.4470073;0.6905665;0.43657285;0.74982256;0.61681175;0.7801816;0.40332466;0.25899273;0.8252355;0.6520119;0.57225513;0.61677456;0.5571391;0.6758857;0.6783524;0.31783563;0.25123793;0.8300904;0.30363566;0.95725864;0.18915445;0.92754894;0.334697;0.8378824;0.52303493;0.9371749;0.05063063;0.11193943;0.60345966;0.01829046;0.029751778;0.86890024;0.6166118;0.76170266;0.8626378;0.01320523;0.63508576;0.010739148;0.28552532;0.24305546;0.18010128;0.82849824;0.57871985;0.86386305;0.40231538;0.06964129;0.19449276;0.31112313;0.7931233;0.04765433;0.017502904;0.35805088;0.20175886;0.4868232;0.7585861;0.85302347;0.9370858;0.31428754;0.48418283;0.19167972;0.1813103;0.93397015;0.36566782;
